# time_s density
16.2428174 0.00057775346
16.245542 0.000729715431
16.2482665 0.000918464863
16.2509911 0.00115204544
16.2537156 0.00144004058
16.2564401 0.00179381609
16.2591647 0.00222678956
16.2618892 0.00275472674
16.2646138 0.00339606486
16.2673383 0.00417226174
16.2700628 0.00510816893
16.2727874 0.00623242579
16.2755119 0.00757787023
16.2782364 0.00918196056
16.280961 0.0110872011
16.2836855 0.013341563
16.2864101 0.0159988889
16.2891346 0.01911927
16.2918591 0.0227693809
16.2945837 0.0270227558
16.2973082 0.0319599893
16.3000328 0.0376688424
16.3027573 0.0442442345
16.3054818 0.0517880994
16.3082064 0.0604090868
16.3109309 0.0702220869
16.3136554 0.0813475603
16.31638 0.0939106565
16.3191045 0.108040105
16.3218291 0.12386687
16.3245536 0.141522564
16.3272781 0.161137613
16.3300027 0.18283919
16.3327272 0.20674892
16.3354518 0.232980384
16.3381763 0.261636445
16.3409008 0.292806437
16.3436254 0.326563271
16.3463499 0.362960489
16.3490744 0.402029361
16.351799 0.443776068
16.3545235 0.488179056
16.3572481 0.535186643
16.3599726 0.584714959
16.3626971 0.636646293
16.3654217 0.690827948
16.3681462 0.74707165
16.3708708 0.805153607
16.3735953 0.864815262
16.3763198 0.925764784
16.3790444 0.98767934
16.3817689 1.05020815
16.3844934 1.11297634
16.387218 1.17558953
16.3899425 1.23763915
16.3926671 1.29870841
16.3953916 1.35837883
16.3981161 1.41623718
16.4008407 1.47188285
16.4035652 1.52493525
16.4062898 1.57504142
16.4090143 1.62188337
16.4117388 1.66518518
16.4144634 1.70471966
16.4171879 1.74031431
16.4199124 1.77185658
16.422637 1.79929809
16.4253615 1.82265788
16.4280861 1.84202447
16.4308106 1.8575566
16.4335351 1.86948275
16.4362597 1.87809929
16.4389842 1.88376722
16.4417087 1.88690772
16.4444333 1.88799637
16.4471578 1.88755624
16.4498824 1.88614993
16.4526069 1.88437074
16.4553314 1.88283306
16.458056 1.88216229
16.4607805 1.88298429
16.4635051 1.88591475
16.4662296 1.89154863
16.4689541 1.90044978
16.4716787 1.91314105
16.4744032 1.93009509
16.4771277 1.95172595
16.4798523 1.97838159
16.4825768 2.01033762
16.4853014 2.04779223
16.4880259 2.09086238
16.4907504 2.13958148
16.493475 2.19389838
16.4961995 2.2536778
16.4989241 2.31870214
16.5016486 2.38867466
16.5043731 2.46322379
16.5070977 2.54190873
16.5098222 2.62422589
16.5125467 2.7096164
16.5152713 2.79747413
16.5179958 2.88715441
16.5207204 2.97798305
16.5234449 3.06926552
16.5261694 3.16029628
16.528894 3.25036779
16.5316185 3.33877931
16.5343431 3.42484526
16.5370676 3.50790288
16.5397921 3.58731933
16.5425167 3.66249788
16.5452412 3.7328833
16.5479657 3.79796634
16.5506903 3.85728727
16.5534148 3.91043849
16.5561394 3.95706628
16.5588639 3.99687167
16.5615884 4.02961048
16.564313 4.05509277
16.5670375 4.07318156
16.5697621 4.0837911
16.5724866 4.0868847
16.5752111 4.08247231
16.5779357 4.07060786
16.5806602 4.05138654
16.5833847 4.02494209
16.5861093 3.99144414
16.5888338 3.95109572
16.5915584 3.904131
16.5942829 3.85081322
16.5970074 3.79143287
16.599732 3.72630615
16.6024565 3.65577367
16.6051811 3.58019927
16.6079056 3.49996914
16.6106301 3.41549086
16.6133547 3.32719267
16.6160792 3.23552254
16.6188037 3.14094727
16.6215283 3.04395134
16.6242528 2.94503558
16.6269774 2.84471553
16.6297019 2.74351948
16.6324264 2.64198612
16.635151 2.54066181
16.6378755 2.44009744
16.6406001 2.34084492
16.6433246 2.24345318
16.6460491 2.14846397
16.6487737 2.0564072
16.6514982 1.96779616
16.6542227 1.88312242
16.6569473 1.80285074
16.6596718 1.72741387
16.6623964 1.6572074
16.6651209 1.59258483
16.6678454 1.53385282
16.67057 1.48126677
16.6732945 1.43502684
16.6760191 1.39527445
16.6787436 1.36208942
16.6814681 1.33548769
16.6841927 1.31541984
16.6869172 1.30177032
16.6896417 1.29435755
16.6923663 1.29293488
16.6950908 1.29719241
16.6978154 1.30675966
16.7005399 1.32120921
16.7032644 1.34006111
16.705989 1.36278814
16.7087135 1.38882182
16.7114381 1.41755912
16.7141626 1.44836978
16.7168871 1.48060411
16.7196117 1.51360121
16.7223362 1.54669747
16.7250607 1.57923515
16.7277853 1.610571
16.7305098 1.64008473
16.7332344 1.66718716
16.7359589 1.69132794
16.7386834 1.71200267
16.741408 1.72875931
16.7441325 1.74120377
16.746857 1.74900456
16.7495816 1.75189639
16.7523061 1.74968269
16.7550307 1.74223703
16.7577552 1.72950335
16.7604797 1.71149507
16.7632043 1.68829305
16.7659288 1.66004256
16.7686534 1.62694921
16.7713779 1.58927401
16.7741024 1.54732766
16.776827 1.50146426
16.7795515 1.45207441
16.782276 1.39957808
16.7850006 1.34441721
16.7877251 1.28704831
16.7904497 1.22793513
16.7931742 1.16754162
16.7958987 1.10632518
16.7986233 1.0447305
16.8013478 0.983183881
16.8040724 0.92208827
16.8067969 0.861818992
16.8095214 0.802720236
16.812246 0.745102319
16.8149705 0.689239723
16.817695 0.63536989
16.8204196 0.583692732
16.8231441 0.534370833
16.8258687 0.48753025
16.8285932 0.443261878
16.8313177 0.401623277
16.8340423 0.362640899
16.8367668 0.326312629
16.8394914 0.292610554
16.8422159 0.26148389
16.8449404 0.232861988
16.847665 0.206657354
16.8503895 0.18276862
16.853114 0.161083415
16.8558386 0.141481084
16.8585631 0.123835235
16.8612877 0.108016062
16.8640122 0.093892447
16.8667367 0.081333817
16.8694613 0.0702117504
16.8721858 0.0604013398
16.8749104 0.0517823133
16.8776349 0.044239928
16.8803594 0.0376656483
16.883084 0.0319576285
16.8858085 0.027021017
16.888533 0.0227681046
16.8912576 0.0191183365
16.8939821 0.0159982084
16.8967067 0.0133410688
16.8994312 0.0110868434
16.9021557 0.00918170251
16.9048803 0.00757768474
16.9076048 0.00623229292
16.9103294 0.00510807409
16.9130539 0.00417219427
16.9157784 0.00339601703
16.918503 0.00275469296
16.9212275 0.00222676578
16.923952 0.00179379941
16.9266766 0.00144002892
16.9294011 0.00115203732
16.9321257 0.000918459222
16.9348502 0.000729711529
16.9375747 0.00057775077
