# time_s density
205.916428 1.45629819e-05
205.999927 1.74400856e-05
206.083425 2.0843044e-05
206.166923 2.48592589e-05
206.250422 2.95889801e-05
206.33392 3.514689e-05
206.417419 4.16638323e-05
206.500917 4.92886895e-05
206.584415 5.81904117e-05
206.667914 6.85601986e-05
206.751412 8.06138349e-05
206.83491 9.4594175e-05
206.918409 0.000110773774
207.001907 0.00012945765
207.085405 0.000150986182
207.168904 0.000175738098
207.252402 0.000204133571
207.335901 0.000236637367
207.419399 0.00027376203
207.502897 0.000316071077
207.586396 0.000364182141
207.669894 0.000418770047
207.753392 0.000480569744
207.836891 0.00055037906
207.920389 0.000629061209
208.003887 0.000717546984
208.087386 0.000816836576
208.170884 0.000928000944
208.254382 0.00105218266
208.337881 0.00119059614
208.421379 0.00134452724
208.504878 0.00151533203
208.588376 0.00170443479
208.671874 0.00191332512
208.755373 0.002143554
208.838871 0.00239672893
208.922369 0.00267450792
209.005868 0.0029785924
209.089366 0.00331071894
209.172864 0.00367264991
209.256363 0.00406616282
209.339861 0.00449303871
209.42336 0.00495504928
209.506858 0.0054539431
209.590356 0.00599143074
209.673855 0.00656916913
209.757353 0.00718874516
209.840851 0.00785165862
209.92435 0.00855930476
210.007848 0.00931295662
210.091346 0.0101137472
210.174845 0.010962652
210.258343 0.0118604715
210.341842 0.0128078152
210.42534 0.0138050854
210.508838 0.0148524627
210.592337 0.0159498933
210.675835 0.0170970772
210.759333 0.0182934585
210.842832 0.0195382179
210.92633 0.0208302679
211.009828 0.0221682494
211.093327 0.0235505321
211.176825 0.024975217
211.260323 0.0264401418
211.343822 0.0279428896
211.42732 0.0294808
211.510819 0.0310509832
211.594317 0.0326503375
211.677815 0.0342755683
211.761314 0.035923211
211.844812 0.0375896552
211.92831 0.0392711717
212.011809 0.0409639406
212.095307 0.0426640817
212.178805 0.0443676857
212.262304 0.0460708465
212.345802 0.0477696934
212.429301 0.0494604246
212.512799 0.051139339
212.596297 0.052802869
212.679796 0.0544476106
212.763294 0.0560703539
212.846792 0.0576681105
212.930291 0.0592381401
213.013789 0.0607779738
213.097287 0.0622854359
213.180786 0.0637586625
213.264284 0.065196117
213.347783 0.0665966031
213.431281 0.0679592744
213.514779 0.0692836408
213.598278 0.0705695718
213.681776 0.0718172961
213.765274 0.0730273987
213.848773 0.074200814
213.932271 0.0753388167
214.015769 0.0764430087
214.099268 0.0775153037
214.182766 0.0785579089
214.266265 0.0795733039
214.349763 0.0805642174
214.433261 0.0815336006
214.51676 0.0824845997
214.600258 0.0834205255
214.683756 0.0843448207
214.767255 0.0852610265
214.850753 0.0861727468
214.934251 0.0870836114
215.01775 0.0879972376
215.101248 0.0889171911
215.184746 0.0898469462
215.268245 0.090789845
215.351743 0.0917490567
215.435242 0.0927275365
215.51874 0.0937279855
215.602238 0.0947528099
215.685737 0.095804083
215.769235 0.0968835063
215.852733 0.0979923745
215.936232 0.099131541
216.01973 0.100301387
216.103228 0.101501792
216.186727 0.102732111
216.270225 0.103991152
216.353724 0.105277159
216.437222 0.106587801
216.52072 0.107920164
216.604219 0.10927075
216.687717 0.110635481
216.771215 0.11200971
216.854714 0.113388234
216.938212 0.114765321
217.02171 0.116134734
217.105209 0.117489771
217.188707 0.118823301
217.272206 0.120127812
217.355704 0.121395467
217.439202 0.122618156
217.522701 0.123787563
217.606199 0.124895228
217.689697 0.125932622
217.773196 0.126891213
217.856694 0.127762546
217.940192 0.128538317
218.023691 0.129210449
218.107189 0.129771168
218.190687 0.130213076
218.274186 0.130529226
218.357684 0.130713189
218.441183 0.130759119
218.524681 0.130661815
218.608179 0.130416775
218.691678 0.130020244
218.775176 0.129469258
218.858674 0.128761679
218.942173 0.127896222
219.025671 0.12687247
219.109169 0.125690895
219.192668 0.124352851
219.276166 0.122860573
219.359665 0.121217164
219.443163 0.119426571
219.526661 0.117493559
219.61016 0.115423669
219.693658 0.113223178
219.777156 0.110899048
219.860655 0.10845887
219.944153 0.105910804
220.027651 0.103263512
220.11115 0.100526092
220.194648 0.0977080021
220.278147 0.0948189932
220.361645 0.0918690295
220.445143 0.088868216
220.528642 0.0858267238
220.61214 0.0827547168
220.695638 0.0796622812
220.779137 0.0765593568
220.862635 0.0734556718
220.946133 0.0703606819
221.029632 0.0672835135
221.11313 0.0642329112
221.196629 0.0612171917
221.280127 0.0582442018
221.363625 0.0553212829
221.447124 0.0524552412
221.530622 0.0496523234
221.61412 0.0469181987
221.697619 0.0442579462
221.781117 0.0416760482
221.864615 0.0391763885
221.948114 0.0367622568
222.031612 0.0344363566
222.11511 0.0322008188
222.198609 0.0300572189
222.282107 0.0280065979
222.365606 0.0260494866
222.449104 0.0241859329
222.532602 0.0224155313
222.616101 0.0207374544
222.699599 0.0191504857
222.783097 0.0176530544
222.866596 0.0162432692
222.950094 0.0149189544
223.033592 0.013677684
223.117091 0.0125168165
223.200589 0.0114335287
223.284088 0.0104248481
223.367586 0.00948768464
223.451084 0.00861886012
223.534583 0.00781513661
223.618081 0.00707324269
223.701579 0.00638989781
223.785078 0.0057618346
223.868576 0.00518581913
223.952074 0.00465866905
224.035573 0.00417726966
224.119071 0.00373858787
224.20257 0.0033396842
224.286068 0.00297772281
224.369566 0.0026499797
224.453065 0.00235384915
224.536563 0.0020868485
224.620061 0.00184662144
224.70356 0.00163093989
224.787058 0.0014377046
224.870556 0.00126494467
224.954055 0.00111081595
225.037553 0.000973598681
225.121051 0.000851694325
225.20455 0.000743621733
225.288048 0.000648012827
225.371547 0.000563607847
225.455045 0.000489250276
225.538543 0.000423881529
225.622042 0.000366535497
225.70554 0.000316333015
225.789038 0.000272476314
225.872537 0.000234243525
225.956035 0.000200983272
226.039533 0.000172109404
226.123032 0.000147095907
226.20653 0.000125471999
226.290029 0.000106817463
226.373527 9.07582072e-05
226.457025 7.69620768e-05
226.540524 6.51349238e-05
226.624022 5.50169313e-05
226.70752 4.63791967e-05
226.791019 3.90205684e-05
226.874517 3.27647302e-05
226.958015 2.74575248e-05
227.041514 2.29645068e-05
227.125012 1.91687149e-05
227.208511 1.59686506e-05
