# fraction_pct mean ci_low ci_high
0.000000 0.000000 0.000000 0.000000
1.010101 1.483696 0.524495 2.442898
2.020202 2.844769 1.712660 3.976879
3.030303 4.228752 2.438706 6.018799
4.040404 4.989310 4.073059 5.905561
5.050505 7.062667 5.857284 8.268050
6.060606 7.383175 6.073581 8.692768
7.070707 7.739554 7.346212 8.132896
8.080808 7.892546 7.892546 7.892546
9.090909 7.892546 7.892546 7.892546
10.101010 8.819538 6.689304 10.949772
11.111111 10.437222 8.049039 12.825406
12.121212 7.390137 6.529067 8.251207
13.131313 7.434617 6.448427 8.420808
14.141414 7.723640 7.336619 8.110662
15.151515 7.897815 7.465116 8.330515
16.161616 7.270492 5.880740 8.660244
17.171717 7.014953 4.981935 9.047971
18.181818 7.176967 5.553060 8.800874
19.191919 7.387984 6.288534 8.487434
20.202020 7.276739 5.476766 9.076711
21.212121 6.818440 4.403973 9.232907
22.222222 7.011863 4.354236 9.669489
23.232323 7.190617 4.250799 10.130435
24.242424 7.488494 3.993758 10.983229
25.252525 7.520408 3.961573 11.079244
26.262626 7.520408 3.961573 11.079244
27.272727 7.520408 3.961573 11.079244
28.282828 5.649992 3.172141 8.127842
29.292929 8.551625 4.721572 12.381678
30.303030 4.070359 4.070349 4.070369
31.313131 4.070359 4.070349 4.070369
32.323232 4.070359 4.070349 4.070369
33.333333 4.070359 4.070349 4.070369
34.343434 4.070359 4.070349 4.070369
35.353535 4.066435 4.057598 4.075271
36.363636 4.062825 4.057124 4.068526
37.373737 4.062825 4.057124 4.068526
38.383838 4.062825 4.057124 4.068526
39.393939 4.062825 4.057124 4.068526
40.404040 4.062825 4.057124 4.068526
41.414141 4.062825 4.057124 4.068526
42.424242 4.062825 4.057124 4.068526
43.434343 4.062825 4.057124 4.068526
44.444444 4.062677 4.056820 4.068534
45.454545 4.062677 4.056820 4.068534
46.464646 4.062677 4.056820 4.068534
47.474747 4.062677 4.056820 4.068534
48.484848 4.062677 4.056820 4.068534
49.494949 4.062677 4.056820 4.068534
50.505051 4.066210 4.057831 4.074589
51.515152 4.062655 4.056773 4.068537
52.525253 4.062655 4.056773 4.068537
53.535354 4.060471 4.057228 4.063713
54.545455 4.060471 4.057228 4.063713
55.555556 4.059266 4.058823 4.059708
56.565657 4.059266 4.058823 4.059708
57.575758 4.062217 4.055073 4.069361
58.585859 4.059182 4.058524 4.059840
59.595960 4.059182 4.058524 4.059840
60.606061 4.059182 4.058524 4.059840
61.616162 4.059182 4.058524 4.059840
62.626263 4.059182 4.058524 4.059840
63.636364 4.059035 4.058362 4.059707
64.646465 4.061078 4.055281 4.066875
65.656566 4.058179 4.057712 4.058645
66.666667 4.057855 4.057658 4.058052
67.676768 4.057724 4.057676 4.057771
68.686869 4.057706 4.057666 4.057746
69.696970 4.057706 4.057666 4.057746
70.707071 4.057706 4.057666 4.057746
71.717172 4.058728 4.056088 4.061368
72.727273 4.057688 4.057678 4.057698
73.737374 4.057688 4.057678 4.057698
74.747475 4.060285 4.053607 4.066963
75.757576 4.060285 4.053607 4.066963
76.767677 4.060285 4.053607 4.066963
77.777778 4.060285 4.053607 4.066963
78.787879 4.066267 4.051116 4.081417
79.797980 4.060285 4.053607 4.066963
80.808081 4.060285 4.053607 4.066963
81.818182 4.060285 4.053607 4.066963
82.828283 4.060285 4.053607 4.066963
83.838384 4.060285 4.053607 4.066963
84.848485 4.060285 4.053607 4.066963
85.858586 4.060285 4.053607 4.066963
86.868687 4.060285 4.053607 4.066963
87.878788 4.060285 4.053607 4.066963
88.888889 4.060285 4.053607 4.066963
89.898990 4.060285 4.053607 4.066963
90.909091 4.060285 4.053607 4.066963
91.919192 4.061566 4.054899 4.068234
92.929293 4.057688 4.057678 4.057698
93.939394 4.057688 4.057678 4.057698
94.949495 4.057688 4.057678 4.057698
95.959596 4.057688 4.057678 4.057698
96.969697 4.057688 4.057678 4.057698
97.979798 4.057688 4.057678 4.057698
98.989899 4.057688 4.057678 4.057698
100.000000 3.255193 1.173438 5.336947
