# fraction_pct mean ci_low ci_high
0.000000 8.080431 2.886216 13.274646
1.010101 11.426439 10.449268 12.403610
2.020202 12.018127 11.017536 13.018717
3.030303 12.349554 11.991387 12.707720
4.040404 12.525829 12.185167 12.866491
5.050505 12.549326 12.207194 12.891459
6.060606 12.695398 12.572398 12.818398
7.070707 12.696797 12.576197 12.817397
8.080808 12.700206 12.585190 12.815221
9.090909 12.802621 12.611973 12.993269
10.101010 13.012410 12.693246 13.331574
11.111111 12.449804 10.903481 13.996128
12.121212 11.775338 10.488237 13.062439
13.131313 11.787231 10.530259 13.044204
14.141414 11.787835 10.532400 13.043270
15.151515 11.805143 10.593775 13.016511
16.161616 11.805921 10.596535 13.015308
17.171717 11.806151 10.597350 13.014953
18.181818 12.094972 11.609655 12.580290
19.191919 12.094981 11.609683 12.580278
20.202020 12.116109 11.620757 12.611460
21.212121 12.217280 11.711781 12.722778
22.222222 12.217220 11.711571 12.722868
23.232323 12.225500 11.740461 12.710539
24.242424 12.153576 11.488096 12.819055
25.252525 12.131734 11.411010 12.852458
26.262626 12.136706 11.428569 12.844842
27.272727 12.137899 11.432783 12.843015
28.282828 12.296343 11.442650 13.150036
29.292929 13.129519 11.654924 14.604115
30.303030 12.959310 11.848811 14.069809
31.313131 13.817406 12.353617 15.281195
32.323232 18.578481 18.380098 18.776865
33.333333 20.059161 19.167117 20.951205
34.343434 21.601262 21.483059 21.719466
35.353535 22.176370 21.697463 22.655277
36.363636 21.929436 21.589463 22.269410
37.373737 21.696404 20.831802 22.561005
38.383838 21.488396 20.103467 22.873325
39.393939 21.464497 20.019108 22.909886
40.404040 21.467743 20.030570 22.904915
41.414141 21.448635 19.963073 22.934196
42.424242 21.460063 20.003450 22.916677
43.434343 22.248026 21.605169 22.890882
44.444444 22.004333 21.749540 22.259125
45.454545 21.667464 20.731446 22.603482
46.464646 21.401246 19.795487 23.007005
47.474747 21.424227 19.876788 22.971666
48.484848 21.453652 19.980800 22.926503
49.494949 21.636965 20.625216 22.648714
50.505051 22.218695 21.644432 22.792957
51.515152 21.951255 21.646022 22.256489
52.525253 21.682288 20.782912 22.581663
53.535354 21.651292 19.941624 23.360959
54.545455 21.687936 20.070358 23.305513
55.555556 21.766759 20.096269 23.437250
56.565657 22.151321 21.058487 23.244155
57.575758 22.694551 22.335444 23.053657
58.585859 22.506665 22.276787 22.736542
59.595960 22.154784 21.242637 23.066932
60.606061 21.911027 20.432736 23.389318
61.616162 21.818117 20.244056 23.392178
62.626263 21.602165 20.623824 22.580507
63.636364 21.571058 21.179130 21.962987
64.646465 22.155074 21.131735 23.178414
65.656566 21.508215 20.218596 22.797833
66.666667 21.213548 20.440790 21.986305
67.676768 22.845368 21.144883 24.545852
68.686869 21.691389 20.350825 23.031953
69.696970 21.747085 20.699164 22.795005
70.707071 22.106236 21.372509 22.839963
71.717172 23.171121 21.570355 24.771887
72.727273 23.257015 21.633304 24.880725
73.737374 22.715589 20.891635 24.539542
74.747475 22.646067 20.309745 24.982389
75.757576 22.391909 20.202386 24.581432
76.767677 22.177764 19.953878 24.401650
77.777778 22.376245 20.229093 24.523397
78.787879 22.903616 20.403746 25.403485
79.797980 22.687748 20.421928 24.953568
80.808081 22.404361 20.258467 24.550255
81.818182 22.373271 20.225844 24.520698
82.828283 22.380517 20.233713 24.527321
83.838384 22.404966 20.259073 24.550860
84.848485 22.680719 20.420636 24.940802
85.858586 22.831732 20.421441 25.242022
86.868687 22.605137 20.398313 24.811961
87.878788 22.374218 20.226881 24.521554
88.888889 22.595264 20.534695 24.655833
89.898990 22.671372 20.608794 24.733950
90.909091 23.144641 20.816818 25.472465
91.919192 23.545688 21.127875 25.963500
92.929293 22.843500 21.139971 24.547029
93.939394 22.080757 21.126396 23.035119
94.949495 21.450628 20.902830 21.998426
95.959596 21.882513 21.409056 22.355971
96.969697 22.197056 21.848516 22.545597
97.979798 22.290343 21.829496 22.751189
98.989899 22.791897 21.156912 24.426882
100.000000 20.191045 7.193692 33.188398
