# time_s density
277.155019 2.38496984e-05
277.255058 2.83497704e-05
277.355098 3.36369509e-05
277.455137 3.98367952e-05
277.555176 4.70926511e-05
277.655215 5.55677932e-05
277.755254 6.54477497e-05
277.855293 7.69428286e-05
277.955332 9.02908515e-05
278.055371 0.000105760097
278.15541 0.000123652456
278.255449 0.000144306804
278.355489 0.000168102575
278.455528 0.000195463548
278.555567 0.000226861815
278.655606 0.000262821938
278.755645 0.00030392526
278.855684 0.000350814347
278.955723 0.000404197538
279.055762 0.000464853566
279.155801 0.000533636199
279.25584 0.000611478862
279.355879 0.00069939918
279.455919 0.000798503377
279.555958 0.000909990463
279.655997 0.00103515614
279.756036 0.00117539632
279.856075 0.00133221021
279.956114 0.00150720279
280.056153 0.00170208668
280.156192 0.00191868325
280.256231 0.00215892275
280.35627 0.00242484365
280.45631 0.00271859065
280.556349 0.0030424117
280.656388 0.00339865356
280.756427 0.00378975602
280.856466 0.00421824453
280.956505 0.00468672138
281.056544 0.005197855
281.156583 0.00575436771
281.256622 0.00635902157
281.356661 0.0070146025
281.456701 0.00772390252
281.55674 0.00848970025
281.656779 0.00931473966
281.756818 0.0102017071
281.856857 0.0111532067
281.956896 0.0121717346
282.056935 0.0132596514
282.156974 0.0144191542
282.257013 0.0156522469
282.357052 0.0169607106
282.457091 0.0183460735
282.557131 0.0198095805
282.65717 0.0213521632
282.757209 0.0229744111
282.857248 0.0246765429
282.957287 0.0264583798
283.057326 0.0283193208
283.157365 0.0302583199
283.257404 0.0322738655
283.357443 0.034363964
283.457482 0.0365261257
283.557522 0.0387573549
283.657561 0.041054144
283.7576 0.0434124721
283.857639 0.0458278078
283.957678 0.0482951176
284.057717 0.0508088784
284.157756 0.0533630959
284.257795 0.0559513274
284.357834 0.0585667098
284.457873 0.0612019938
284.557912 0.0638495806
284.657952 0.0665015658
284.757991 0.0691497852
284.85803 0.0717858667
284.958069 0.074401284
285.058108 0.0769874138
285.158147 0.0795355964
285.258186 0.0820371964
285.358225 0.0844836662
285.458264 0.0868666093
285.558303 0.0891778432
285.658343 0.0914094623
285.758382 0.0935538984
285.858421 0.0956039793
285.95846 0.0975529847
286.058499 0.0993946981
286.158538 0.101123454
286.258577 0.102734183
286.358616 0.104222446
286.458655 0.10558447
286.558694 0.10681717
286.658734 0.107918173
286.758773 0.108885826
286.858812 0.109719205
286.958851 0.110418114
287.05889 0.110983076
287.158929 0.111415318
287.258968 0.111716755
287.359007 0.111889957
287.459046 0.111938119
287.559085 0.111865025
287.659124 0.111675003
287.759164 0.111372876
287.859203 0.110963917
287.959242 0.110453789
288.059281 0.109848494
288.15932 0.109154313
288.259359 0.108377744
288.359398 0.10752545
288.459437 0.106604195
288.559476 0.105620784
288.659515 0.104582014
288.759555 0.103494614
288.859594 0.102365192
288.959633 0.101200192
289.059672 0.100005844
289.159711 0.0987881249
289.25975 0.0975527191
289.359789 0.0963049869
289.459828 0.0950499354
289.559867 0.0937921939
289.659906 0.0925359947
289.759946 0.0912851576
289.859985 0.0900430795
289.960024 0.0888127282
290.060063 0.0875966403
290.160102 0.0863969229
290.260141 0.0852152596
290.36018 0.08405292
290.460219 0.0829107717
290.560258 0.0817892965
290.660297 0.080688608
290.760336 0.079608473
290.860376 0.0785483338
290.960415 0.077507333
291.060454 0.0764843393
291.160493 0.0754779756
291.260532 0.0744866466
291.360571 0.0735085682
291.46061 0.0725417968
291.560649 0.0715842593
291.660688 0.0706337825
291.760727 0.0696881227
291.860767 0.0687449946
291.960806 0.0678021
292.060845 0.0668571549
292.160884 0.0659079166
292.260923 0.0649522089
292.360962 0.0639879462
292.461001 0.0630131564
292.56104 0.0620260021
292.661079 0.0610247996
292.761118 0.0600080371
292.861158 0.05897439
292.961197 0.0579227346
293.061236 0.0568521598
293.161275 0.0557619763
293.261314 0.0546517239
293.361353 0.0535211762
293.461392 0.0523703433
293.561431 0.0511994722
293.66147 0.0500090446
293.761509 0.0487997726
293.861548 0.0475725925
293.961588 0.0463286565
294.061627 0.0450693217
294.161666 0.0437961379
294.261705 0.0425108338
294.361744 0.0412153009
294.461783 0.0399115767
294.561822 0.0386018263
294.661861 0.0372883232
294.7619 0.0359734293
294.861939 0.0346595742
294.961979 0.0333492342
295.062018 0.0320449116
295.162057 0.0307491138
295.262096 0.0294643323
295.362135 0.0281930234
295.462174 0.0269375888
295.562213 0.0257003572
295.662252 0.0244835677
295.762291 0.0232893535
295.86233 0.0221197284
295.96237 0.0209765734
296.062409 0.0198616257
296.162448 0.0187764695
296.262487 0.0177225286
296.362526 0.0167010597
296.462565 0.0157131494
296.562604 0.0147597109
296.662643 0.0138414839
296.762682 0.0129590354
296.862721 0.0121127622
296.96276 0.0113028948
297.0628 0.010529503
297.162839 0.00979250159
297.262878 0.00909165892
297.362917 0.00842660459
297.462956 0.00779683901
297.562995 0.00720174321
297.663034 0.00664058925
297.763073 0.00611255091
297.863112 0.0056167146
297.963151 0.00515209039
298.063191 0.00471762299
298.16323 0.00431220248
298.263269 0.00393467493
298.363308 0.0035838525
298.463347 0.00325852324
298.563386 0.00295746028
298.663425 0.00267943051
298.763464 0.00242320261
298.863503 0.00218755448
298.963542 0.00197127992
299.063581 0.0017731947
299.163621 0.00159214189
299.26366 0.00142699656
299.363699 0.00127666971
299.463738 0.00114011164
299.563777 0.00101631468
299.663816 0.000904315275
299.763855 0.000803195551
299.863894 0.000712084365
299.963933 0.000630157857
300.063972 0.000556639577
300.164012 0.000490800217
300.264051 0.000431956997
300.36409 0.000379472745
300.464129 0.000332754717
300.564168 0.000291253192
300.664207 0.000254459887
300.764246 0.000221906226
300.864285 0.000193161494
300.964324 0.000167830913
301.064363 0.000145553664
301.164403 0.000126000884
301.264442 0.000108873657
301.364481 9.39010253e-05
301.46452 8.08380286e-05
301.564559 6.9463799e-05
301.664598 5.95797102e-05
301.764637 5.10076014e-05
301.864676 4.35880777e-05
301.964715 3.71788961e-05
302.064754 3.16534392e-05
302.164793 2.68992794e-05
302.264833 2.28168365e-05
302.364872 1.93181253e-05
302.464911 1.63255956e-05
302.56495 1.37710592e-05
302.664989 1.15947043e-05
