# fraction_pct mean ci_low ci_high
0.000000 0.000000 0.000000 0.000000
1.010101 0.000000 0.000000 0.000000
2.020202 0.000000 0.000000 0.000000
3.030303 0.000000 0.000000 0.000000
4.040404 0.000000 0.000000 0.000000
5.050505 0.000000 0.000000 0.000000
6.060606 0.000000 0.000000 0.000000
7.070707 0.000000 0.000000 0.000000
8.080808 0.000000 0.000000 0.000000
9.090909 0.000000 0.000000 0.000000
10.101010 1.826612 0.000000 5.921254
11.111111 3.820738 0.000000 8.523842
12.121212 9.071604 5.563750 12.579458
13.131313 13.611557 11.768560 15.454553
14.141414 17.823044 16.737802 18.908287
15.151515 21.736185 20.474877 22.997493
16.161616 26.615949 22.363152 30.868746
17.171717 33.125006 23.932895 42.317116
18.181818 37.337190 23.104221 51.570159
19.191919 39.264765 23.485723 55.043806
20.202020 39.909784 24.373802 55.445766
21.212121 40.566236 25.097954 56.034517
22.222222 41.222979 25.638740 56.807218
23.232323 41.877276 25.998800 57.755753
24.242424 42.552621 26.193620 58.911622
25.252525 43.192873 26.226123 60.159623
26.262626 47.765765 32.585503 62.946026
27.272727 53.012261 36.145224 69.879299
28.282828 55.238117 36.878923 73.597311
29.292929 61.057628 48.287497 73.827760
30.303030 66.234932 59.265810 73.204054
31.313131 74.115891 57.846600 90.385183
32.323232 79.917524 58.289221 101.545828
33.333333 81.063868 59.754867 102.372868
34.343434 87.035202 66.256870 107.813533
35.353535 92.870745 67.906678 117.834812
36.363636 94.872864 69.645175 120.100553
37.373737 96.267474 71.369250 121.165698
38.383838 97.282664 72.504107 122.061220
39.393939 98.827348 74.035073 123.619623
40.404040 100.180150 75.179848 125.180451
41.414141 101.224272 75.941666 126.506879
42.424242 102.741513 76.867082 128.615944
43.434343 104.104445 77.526898 130.681992
44.444444 105.210167 77.951782 132.468552
45.454545 106.750876 78.391475 135.110277
46.464646 101.119686 79.628609 122.610762
47.474747 92.115568 80.178621 104.052515
48.484848 71.927542 59.053140 84.801944
49.494949 65.404658 65.328062 65.481253
50.505051 67.061837 66.015089 68.108585
51.515152 68.425786 67.245235 69.606336
52.525253 69.917138 67.976351 71.857925
53.535354 71.943314 68.890149 74.996478
54.545455 72.757174 68.839590 76.674757
55.555556 73.164098 68.976103 77.352092
56.565657 73.925093 68.647226 79.202960
57.575758 74.384934 68.281566 80.488302
58.585859 75.198799 67.909888 82.487710
59.595960 76.421441 67.121959 85.720923
60.606061 82.118446 76.063116 88.173775
61.616162 74.567964 45.765485 103.370443
62.626263 75.666674 48.079651 103.253698
63.636364 76.480539 48.326879 104.634200
64.646465 77.294396 48.528155 106.060637
65.656566 78.108253 48.686349 107.530157
66.666667 78.515181 48.761672 108.268691
67.676768 81.327005 51.073972 111.580039
68.686869 32.443220 30.665528 34.220912
69.696970 34.565511 32.230970 36.900052
70.707071 36.178041 34.888413 37.467669
71.717172 37.554192 36.279376 38.829008
72.727273 39.230135 37.913025 40.547244
73.737374 40.418711 38.616921 42.220502
74.747475 41.890394 39.380819 44.399970
75.757576 34.902837 19.213548 50.592126
76.767677 22.580288 4.006289 41.154288
77.777778 23.187215 5.191400 41.183029
78.787879 24.411740 7.206702 41.616779
79.797980 24.714832 6.981944 42.447720
80.808081 25.299098 8.272675 42.325522
81.818182 22.231087 11.310620 33.151555
82.828283 28.710008 19.673172 37.746845
83.838384 31.328737 21.076399 41.581075
84.848485 33.247908 24.739857 41.755959
85.858586 34.407288 26.162194 42.652383
86.868687 35.769264 27.224162 44.314365
87.878788 37.032962 27.832804 46.233119
88.888889 37.625331 28.056850 47.193812
89.898990 37.646990 28.060405 47.233575
90.909091 37.796499 28.088287 47.504711
91.919192 36.896951 27.291576 46.502327
92.929293 33.400489 26.489887 40.311090
93.939394 32.334408 25.935465 38.733351
94.949495 30.237696 22.345137 38.130256
95.959596 14.211060 0.000000 33.750030
96.969697 17.200379 0.000000 42.796177
97.979798 8.565721 0.000000 28.540218
98.989899 8.780337 0.000000 29.529246
100.000000 8.073154 0.000000 26.982971
