# fraction_pct mean ci_low ci_high
0.000000 0.003748 0.001187 0.006310
1.010101 2.284289 0.818670 3.749908
2.020202 4.278713 2.795055 5.762371
3.030303 6.360941 5.382311 7.339571
4.040404 8.474105 8.238426 8.709784
5.050505 8.757921 8.585181 8.930661
6.060606 8.727954 8.515818 8.940089
7.070707 9.443040 7.900661 10.985418
8.080808 9.907091 8.239122 11.575061
9.090909 10.428785 8.938998 11.918572
10.101010 10.500343 8.840650 12.160037
11.111111 11.192222 10.125276 12.259168
12.121212 10.162003 8.639391 11.684615
13.131313 7.155060 4.957709 9.352411
14.141414 5.260632 4.849474 5.671789
15.151515 5.157095 4.697015 5.617175
16.161616 5.196518 4.718815 5.674220
17.171717 5.243633 4.841309 5.645958
18.181818 5.257137 4.867346 5.646927
19.191919 5.288647 4.923056 5.654238
20.202020 5.287521 4.921358 5.653685
21.212121 5.286001 4.919029 5.652972
22.222222 5.290616 4.925973 5.655259
23.232323 5.282479 4.913484 5.651474
24.242424 5.278863 4.907572 5.650155
25.252525 5.276946 4.904349 5.649543
26.262626 5.280584 4.908551 5.652617
27.272727 5.272165 4.891280 5.653049
28.282828 5.295896 4.945440 5.646351
29.292929 5.883157 4.819536 6.946778
30.303030 7.015639 6.070004 7.961273
31.313131 7.624455 6.422354 8.826557
32.323232 7.632935 6.352219 8.913652
33.333333 7.621845 6.341722 8.901968
34.343434 7.440987 6.409702 8.472271
35.353535 7.397622 6.409514 8.385730
36.363636 7.399794 6.422397 8.377191
37.373737 7.390454 6.416604 8.364303
38.383838 7.374996 6.407542 8.342449
39.393939 7.380484 6.410515 8.350453
40.404040 7.363583 6.400181 8.326986
41.414141 7.355908 6.395867 8.315948
42.424242 7.367578 6.403381 8.331775
43.434343 7.351594 6.392632 8.310555
44.444444 7.371975 6.406064 8.337887
45.454545 7.371526 6.404931 8.338121
46.464646 8.092771 7.151507 9.034035
47.474747 8.021512 7.231929 8.811095
48.484848 8.371533 7.375609 9.367457
49.494949 14.161159 9.525600 18.796718
50.505051 18.782952 17.624463 19.941441
51.515152 17.943636 16.605161 19.282110
52.525253 17.868657 16.678406 19.058907
53.535354 17.421895 16.989514 17.854276
54.545455 16.741431 15.522723 17.960140
55.555556 17.054551 16.389659 17.719444
56.565657 17.559703 17.040985 18.078422
57.575758 17.277876 16.546051 18.009700
58.585859 17.682237 16.960048 18.404426
59.595960 17.413460 16.790401 18.036519
60.606061 17.065159 16.378114 17.752203
61.616162 17.096926 15.234145 18.959708
62.626263 17.572111 16.065692 19.078531
63.636364 17.327944 15.696176 18.959712
64.646465 17.816459 16.240781 19.392137
65.656566 17.113524 15.526759 18.700289
66.666667 17.006532 15.310660 18.702404
67.676768 17.737178 16.174473 19.299883
68.686869 18.830326 17.961556 19.699096
69.696970 17.318216 15.368298 19.268134
70.707071 15.915864 13.252723 18.579005
71.717172 13.451809 11.099441 15.804177
72.727273 12.516265 10.477055 14.555476
73.737374 12.509309 10.462413 14.556205
74.747475 12.492675 10.416117 14.569233
75.757576 12.899381 11.537568 14.261194
76.767677 13.220074 12.150566 14.289583
77.777778 13.377816 12.421917 14.333714
78.787879 13.396259 12.513630 14.278889
79.797980 13.764383 12.925948 14.602817
80.808081 13.931353 12.969386 14.893320
81.818182 14.188815 12.819286 15.558343
82.828283 13.279638 12.223697 14.335579
83.838384 13.282278 12.227680 14.336875
84.848485 12.923120 11.284893 14.561347
85.858586 12.924657 11.286295 14.563019
86.868687 12.923646 11.285745 14.561547
87.878788 12.918551 11.278323 14.558780
88.888889 12.918183 11.277792 14.558574
89.898990 12.915496 11.273518 14.557474
90.909091 12.912210 11.273684 14.550735
91.919192 12.908156 11.271051 14.545261
92.929293 12.905919 11.269280 14.542558
93.939394 12.923488 11.278008 14.568968
94.949495 12.992942 11.379802 14.606082
95.959596 13.271948 11.566005 14.977891
96.969697 12.263271 9.985260 14.541283
97.979798 12.484274 10.411370 14.557178
98.989899 8.569554 1.658490 15.480617
100.000000 4.056797 0.000000 10.570196
