# time_s density
993.363001 1.18485948e-05
993.492867 1.43215831e-05
993.622734 1.72734847e-05
993.752601 2.07890147e-05
993.882468 2.49662401e-05
994.012335 2.9918371e-05
994.142202 3.57757371e-05
994.272069 4.26879575e-05
994.401935 5.08263118e-05
994.531802 6.03863192e-05
994.661669 7.15905298e-05
994.791536 8.4691529e-05
994.921403 9.99751543e-05
995.05127 0.000117763919
995.181136 0.000138420632
995.311003 0.000162352202
995.44087 0.000190013604
995.570737 0.000221911986
995.700604 0.000258610876
995.830471 0.000300734459
995.960338 0.000348971874
996.090204 0.000404081476
996.220071 0.000466894998
996.349938 0.000538321547
996.479805 0.000619351352
996.609672 0.00071105918
996.739539 0.000814607324
996.869405 0.000931248053
996.999272 0.00106232544
997.129139 0.00120927642
997.259006 0.001373631
997.388873 0.00155701148
997.51874 0.00176113056
997.648607 0.00198778825
997.778473 0.00223886741
997.90834 0.00251632793
998.038207 0.00282219927
998.168074 0.00315857151
998.297941 0.00352758463
998.427808 0.0039314161
998.557675 0.00437226675
998.687541 0.00485234486
998.817408 0.00537384856
998.947275 0.00593894653
999.077142 0.00654975722
999.207009 0.00720832654
999.336876 0.00791660439
999.466742 0.00867642005
999.596609 0.00948945672
999.726476 0.0103572256
999.856343 0.0112810397
999.98621 0.0122619875
1000.11608 0.0133009076
1000.24594 0.0143983637
1000.37581 0.0155546209
1000.50568 0.0167696239
1000.63554 0.0180429775
1000.76541 0.0193739287
1000.89528 0.0207613527
1001.02514 0.0222037418
1001.15501 0.0236991979
1001.28488 0.0252454291
1001.41475 0.0268397508
1001.54461 0.0284790906
1001.67448 0.0301599989
1001.80435 0.0318786632
1001.93421 0.0336309279
1002.06408 0.0354123185
1002.19395 0.0372180702
1002.32381 0.0390431611
1002.45368 0.0408823494
1002.58355 0.0427302137
1002.71341 0.0445811972
1002.84328 0.0464296537
1002.97315 0.0482698962
1003.10301 0.0500962458
1003.23288 0.0519030824
1003.36275 0.0536848941
1003.49261 0.0554363263
1003.62248 0.0571522283
1003.75235 0.0588276984
1003.88222 0.0604581244
1004.01208 0.0620392217
1004.14195 0.063567065
1004.27182 0.0650381169
1004.40168 0.0664492485
1004.53155 0.0677977563
1004.66142 0.0690813713
1004.79128 0.0702982623
1004.92115 0.0714470325
1005.05102 0.0725267102
1005.18088 0.073536733
1005.31075 0.0744769263
1005.44062 0.0753474768
1005.57048 0.0761489012
1005.70035 0.0768820106
1005.83022 0.0775478723
1005.96008 0.0781477683
1006.08995 0.0786831533
1006.21982 0.0791556111
1006.34969 0.079566812
1006.47955 0.0799184711
1006.60942 0.0802123088
1006.73929 0.0804500139
1006.86915 0.0806332112
1006.99902 0.0807634324
1007.12889 0.0808420929
1007.25875 0.0808704736
1007.38862 0.0808497082
1007.51849 0.0807807769
1007.64835 0.0806645057
1007.77822 0.0805015721
1007.90809 0.0802925158
1008.03795 0.0800377555
1008.16782 0.07973761
1008.29769 0.0793923236
1008.42756 0.0790020953
1008.55742 0.0785671105
1008.68729 0.0780875749
1008.81716 0.0775637493
1008.94702 0.076995984
1009.07689 0.0763847533
1009.20676 0.0757306874
1009.33662 0.0750346022
1009.46649 0.0742975252
1009.59636 0.0735207177
1009.72622 0.072705692
1009.85609 0.0718542226
1009.98596 0.0709683531
1010.11582 0.0700503953
1010.24569 0.0691029231
1010.37556 0.0681287604
1010.50542 0.0671309618
1010.63529 0.0661127886
1010.76516 0.065077679
1010.89503 0.064029213
1011.02489 0.0629710735
1011.15476 0.0619070039
1011.28463 0.0608407626
1011.41449 0.0597760759
1011.54436 0.05871659
1011.67423 0.0576658228
1011.80409 0.0566271168
1011.93396 0.0556035938
1012.06383 0.0545981124
1012.19369 0.0536132291
1012.32356 0.0526511635
1012.45343 0.0517137692
1012.58329 0.0508025094
1012.71316 0.0499184393
1012.84303 0.0490621949
1012.97289 0.0482339878
1013.10276 0.0474336073
1013.23263 0.0466604294
1013.3625 0.0459134317
1013.49236 0.0451912149
1013.62223 0.0444920302
1013.7521 0.0438138121
1013.88196 0.0431542153
1014.01183 0.0425106569
1014.1417 0.0418803603
1014.27156 0.0412604033
1014.40143 0.0406477663
1014.5313 0.0400393827
1014.66116 0.0394321881
1014.79103 0.0388231694
1014.9209 0.0382094121
1015.05076 0.037588145
1015.18063 0.0369567816
1015.3105 0.0363129587
1015.44036 0.0356545694
1015.57023 0.0349797924
1015.7001 0.0342871159
1015.82997 0.033575356
1015.95983 0.0328436697
1016.0897 0.0320915629
1016.21957 0.0313188915
1016.34943 0.0305258592
1016.4793 0.0297130083
1016.60917 0.0288812065
1016.73903 0.0280316297
1016.8689 0.0271657399
1016.99877 0.0262852604
1017.12863 0.0253921475
1017.2585 0.0244885601
1017.38837 0.0235768275
1017.51823 0.022659416
1017.6481 0.0217388945
1017.77797 0.0208179004
1017.90783 0.0198991061
1018.0377 0.0189851859
1018.16757 0.0180787845
1018.29744 0.0171824876
1018.4273 0.0162987946
1018.55717 0.0154300933
1018.68704 0.0145786378
1018.8169 0.0137465291
1018.94677 0.0129356987
1019.07664 0.0121478954
1019.2065 0.011384675
1019.33637 0.010647393
1019.46624 0.0099372005
1019.5961 0.00925504257
1019.72597 0.00860165965
1019.85584 0.00797759103
1019.9857 0.00738318073
1020.11557 0.00681858533
1020.24544 0.0062837835
1020.37531 0.00577858693
1020.50517 0.00530265255
1020.63504 0.00485549556
1020.76491 0.00443650319
1020.89477 0.00404494884
1021.02464 0.00368000642
1021.15451 0.00334076467
1021.28437 0.00302624126
1021.41424 0.00273539644
1021.54411 0.00246714626
1021.67397 0.002220375
1021.80384 0.00199394691
1021.93371 0.00178671708
1022.06357 0.00159754131
1022.19344 0.00142528519
1022.32331 0.00126883201
1022.45317 0.00112708984
1022.58304 0.000998997561
1022.71291 0.000883529962
1022.84278 0.00077970195
1022.97264 0.000686571873
1023.10251 0.000603244049
1023.23238 0.000528870536
1023.36224 0.000462652223
1023.49211 0.000403839305
1023.62198 0.000351731199
1023.75184 0.000305675983
1023.88171 0.000265069423
1024.01158 0.000229353633
1024.14144 0.00019801546
1024.27131 0.000170584622
1024.40118 0.000146631677
1024.53104 0.000125765848
1024.66091 0.000107632767
1024.79078 9.1912171e-05
1024.92064 7.831558e-05
1025.05051 6.65839927e-05
1025.18038 5.64856234e-05
1025.31025 4.78137007e-05
1025.44011 4.03843459e-05
1025.56998 3.4034544e-05
1025.69985 2.86202184e-05
1025.82971 2.40144151e-05
1025.95958 2.01056024e-05
1026.08945 1.67960874e-05
1026.21931 1.40005491e-05
1026.34918 1.16446887e-05
1026.47905 9.66399127e-06
