# fraction_pct mean ci_low ci_high
0.000000 0.080264 0.000000 0.164509
1.010101 0.203779 0.080593 0.326966
2.020202 1.276210 0.288563 2.263856
3.030303 1.954999 1.828838 2.081160
4.040404 3.963537 1.939259 5.987816
5.050505 6.548600 3.120301 9.976898
6.060606 8.835011 4.945615 12.724407
7.070707 9.399387 5.200908 13.597865
8.080808 10.445291 7.102974 13.787609
9.090909 10.445291 7.102974 13.787609
10.101010 10.801671 7.927574 13.675767
11.111111 10.801671 7.927574 13.675767
12.121212 11.839333 10.690154 12.988512
13.131313 12.221666 11.322400 13.120931
14.141414 12.588803 12.557368 12.620239
15.151515 12.848721 12.227380 13.470061
16.161616 14.434233 14.288025 14.580441
17.171717 14.796067 14.184200 15.407934
18.181818 15.998012 15.984539 16.011485
19.191919 16.005059 16.005059 16.005060
20.202020 16.005059 16.005059 16.005060
21.212121 18.074820 15.825937 20.323702
22.222222 20.092131 19.076287 21.107975
23.232323 20.756465 20.581315 20.931615
24.242424 20.884717 20.881000 20.888433
25.252525 21.491912 19.928630 23.055195
26.262626 22.082665 20.196700 23.968630
27.272727 22.796213 20.644617 24.947810
28.282828 23.637286 21.442693 25.831879
29.292929 24.269898 21.960290 26.579506
30.303030 24.608430 22.133743 27.083116
31.313131 24.843645 22.136758 27.550532
32.323232 25.820441 22.766083 28.874798
33.333333 26.649620 24.286551 29.012690
34.343434 27.163854 24.975828 29.351880
35.353535 21.720096 14.527480 28.912712
36.363636 18.195491 12.421547 23.969435
37.373737 15.173455 14.787474 15.559435
38.383838 15.066307 14.814458 15.318156
39.393939 15.347169 14.771880 15.922458
40.404040 14.594366 13.117968 16.070764
41.414141 14.294596 12.913062 15.676131
42.424242 13.615241 12.551947 14.678535
43.434343 13.015931 12.505401 13.526461
44.444444 12.073781 10.684170 13.463392
45.454545 11.499704 10.025107 12.974300
46.464646 10.442439 8.220385 12.664494
47.474747 9.124678 6.869450 11.379907
48.484848 9.315297 7.341213 11.289380
49.494949 8.231891 8.063623 8.400158
50.505051 8.218909 8.218901 8.218916
51.515152 8.218909 8.218901 8.218916
52.525253 8.218909 8.218901 8.218916
53.535354 8.218909 8.218901 8.218916
54.545455 8.218909 8.218901 8.218916
55.555556 8.218909 8.218901 8.218916
56.565657 8.276755 8.144431 8.409079
57.575758 8.273805 8.140118 8.407492
58.585859 8.273805 8.140118 8.407492
59.595960 8.273805 8.140118 8.407492
60.606061 8.273805 8.140118 8.407492
61.616162 8.279998 8.148683 8.411313
62.626263 8.278959 8.147378 8.410541
63.636364 8.232425 8.217156 8.247693
64.646465 8.222562 8.202798 8.242327
65.656566 8.238333 8.209391 8.267274
66.666667 8.235389 8.186660 8.284119
67.676768 8.216262 8.175081 8.257444
68.686869 8.203136 8.147046 8.259226
69.696970 8.202995 8.147925 8.258065
70.707071 8.163890 8.104894 8.222887
71.717172 8.218694 8.057443 8.379944
72.727273 8.176727 8.097510 8.255944
73.737374 8.163882 8.097990 8.229773
74.747475 8.152382 8.091203 8.213561
75.757576 8.151754 8.089852 8.213656
76.767677 8.151361 8.088989 8.213732
77.777778 8.151451 8.089188 8.213713
78.787879 8.151237 8.088716 8.213759
79.797980 8.151249 8.088743 8.213756
80.808081 8.151183 8.088595 8.213771
81.818182 8.151129 8.088475 8.213783
82.828283 8.151126 8.088469 8.213783
83.838384 8.151114 8.088442 8.213786
84.848485 8.151101 8.088412 8.213789
85.858586 8.151098 8.088407 8.213790
86.868687 8.151097 8.088403 8.213790
87.878788 8.151093 8.088395 8.213791
88.888889 8.151092 8.088393 8.213791
89.898990 8.151092 8.088393 8.213791
90.909091 8.151091 8.088391 8.213792
91.919192 8.151091 8.088390 8.213792
92.929293 8.143288 8.088874 8.197702
93.939394 8.134851 8.092737 8.176966
94.949495 8.124667 8.094861 8.154473
95.959596 8.104445 8.104290 8.104600
96.969697 8.104347 8.104327 8.104366
97.979798 8.104348 8.104328 8.104367
98.989899 8.104347 8.104328 8.104367
100.000000 0.014994 0.014994 0.014995
