# fraction_pct mean ci_low ci_high
0.000000 2.377230 0.000000 4.867271
1.010101 9.517802 8.455570 10.580034
2.020202 10.869388 10.285103 11.453674
3.030303 11.677389 10.797909 12.556869
4.040404 12.009479 11.248187 12.770771
5.050505 12.269157 11.669113 12.869200
6.060606 12.408265 11.856644 12.959886
7.070707 12.550676 11.915862 13.185491
8.080808 12.562399 11.916132 13.208666
9.090909 12.569592 11.915921 13.223262
10.101010 12.596384 11.913888 13.278881
11.111111 12.597151 11.913807 13.280495
12.121212 12.622154 11.908966 13.335341
13.131313 12.625947 11.907845 13.344050
14.141414 12.697158 11.953535 13.440781
15.151515 12.820188 12.030039 13.610337
16.161616 12.549656 11.926743 13.172569
17.171717 12.454552 11.675479 13.233624
18.181818 10.867049 10.617944 11.116154
19.191919 11.100088 10.847327 11.352850
20.202020 11.299236 11.269101 11.329370
21.212121 10.171730 8.885284 11.458176
22.222222 9.381696 8.810205 9.953187
23.232323 8.832886 8.389348 9.276425
24.242424 8.866734 8.378618 9.354850
25.252525 8.902235 8.421954 9.382516
26.262626 9.050913 8.702116 9.399710
27.272727 9.201435 8.828675 9.574196
28.282828 9.261356 9.063073 9.459639
29.292929 9.258373 9.069492 9.447254
30.303030 9.390555 9.165630 9.615480
31.313131 9.509131 9.212642 9.805620
32.323232 9.682890 9.344952 10.020828
33.333333 9.732180 9.400416 10.063944
34.343434 9.687773 9.356152 10.019393
35.353535 9.646693 9.328770 9.964615
36.363636 9.775095 9.577668 9.972522
37.373737 9.782604 9.594546 9.970661
38.383838 9.784756 9.597038 9.972474
39.393939 9.788031 9.598952 9.977110
40.404040 9.790939 9.603521 9.978357
41.414141 9.791992 9.604787 9.979196
42.424242 9.681817 9.385523 9.978110
43.434343 9.010449 8.724286 9.296611
44.444444 8.818246 8.606967 9.029525
45.454545 8.342679 7.993118 8.692239
46.464646 7.670722 7.416613 7.924832
47.474747 7.492662 7.240498 7.744826
48.484848 7.428174 7.242465 7.613882
49.494949 7.471003 7.324088 7.617918
50.505051 7.862791 7.715191 8.010391
51.515152 8.042816 7.955719 8.129913
52.525253 8.057507 7.969655 8.145359
53.535354 8.330863 8.054274 8.607451
54.545455 8.457516 8.332662 8.582369
55.555556 8.472201 8.345549 8.598853
56.565657 8.494653 8.381381 8.607925
57.575758 8.479029 8.346646 8.611413
58.585859 8.486944 8.365520 8.608368
59.595960 8.487521 8.366802 8.608241
60.606061 8.488515 8.368974 8.608056
61.616162 8.493554 8.369838 8.617270
62.626263 8.495554 8.373928 8.617181
63.636364 8.503689 8.379292 8.628087
64.646465 8.517873 8.405068 8.630678
65.656566 8.524913 8.415553 8.634273
66.666667 8.546545 8.419579 8.673512
67.676768 8.566252 8.435350 8.697154
68.686869 8.630299 8.504033 8.756566
69.696970 8.641282 8.526188 8.756376
70.707071 8.683760 8.551366 8.816154
71.717172 8.697045 8.551713 8.842377
72.727273 8.699553 8.557772 8.841333
73.737374 8.703936 8.571189 8.836683
74.747475 8.709534 8.568280 8.850787
75.757576 8.709577 8.568319 8.850835
76.767677 8.709598 8.568338 8.850859
77.777778 8.709635 8.568370 8.850900
78.787879 8.709666 8.568397 8.850935
79.797980 8.709708 8.568434 8.850983
80.808081 8.709758 8.568478 8.851038
81.818182 8.709773 8.568491 8.851055
82.828283 8.709802 8.568516 8.851088
83.838384 8.709865 8.568571 8.851159
84.848485 8.709889 8.568591 8.851186
85.858586 8.709914 8.568614 8.851215
86.868687 8.709930 8.568627 8.851232
87.878788 8.710002 8.568690 8.851315
88.888889 8.710030 8.568714 8.851346
89.898990 8.710040 8.568722 8.851357
90.909091 8.710046 8.568727 8.851364
91.919192 8.711328 8.572505 8.850152
92.929293 8.726418 8.576656 8.876181
93.939394 8.742815 8.574598 8.911032
94.949495 8.772467 8.635174 8.909759
95.959596 8.792628 8.651216 8.934040
96.969697 8.793424 8.651715 8.935132
97.979798 8.793483 8.651799 8.935168
98.989899 8.793553 8.651904 8.935202
100.000000 0.000000 0.000000 0.000000
