# time_s density
220.023898 7.84589896e-06
220.175167 9.33191999e-06
220.326435 1.10788511e-05
220.477704 1.3128477e-05
220.628972 1.55285311e-05
220.780241 1.83334133e-05
220.931509 2.16049738e-05
221.082778 2.54133648e-05
221.234046 2.98379641e-05
221.385315 3.49683696e-05
221.536583 4.09054691e-05
221.687852 4.77625827e-05
221.83912 5.56666792e-05
221.990389 6.47596649e-05
222.141658 7.51997401e-05
222.292926 8.71628217e-05
222.444195 0.000100844024
222.595463 0.000116459192
222.746732 0.000134246477
222.898 0.000154467947
223.049269 0.000177411208
223.200537 0.000203391041
223.351806 0.000232751016
223.503074 0.000265865078
223.654343 0.000303139073
223.805611 0.000345012208
223.95688 0.000391958388
224.108149 0.000444487436
224.259417 0.000503146144
224.410686 0.000568519125
224.561954 0.000641229446
224.713223 0.000721938988
224.864491 0.000811348519
225.01576 0.000910197425
225.167028 0.00101926308
225.318297 0.00113935979
225.469565 0.00127133736
225.620834 0.0014160791
225.772102 0.00157449941
225.923371 0.00174754084
226.074639 0.00193617051
226.225908 0.00214137612
226.377177 0.00236416125
226.528445 0.00260554017
226.679714 0.00286653199
226.830982 0.00314815437
226.982251 0.0034514165
227.133519 0.00377731172
227.284788 0.00412680954
227.436056 0.00450084726
227.587325 0.00490032118
227.738593 0.00532607746
227.889862 0.00577890275
228.04113 0.0062595146
228.192399 0.00676855178
228.343668 0.00730656465
228.494936 0.00787400558
228.646205 0.00847121958
228.797473 0.00909843534
228.948742 0.00975575663
229.10001 0.0104431543
229.251279 0.0111604592
229.402547 0.0119073553
229.553816 0.0126833745
229.705084 0.0134878922
229.856353 0.0143201237
230.007621 0.0151791226
230.15889 0.0160637799
230.310158 0.0169728248
230.461427 0.0179048271
230.612696 0.0188582013
230.763964 0.0198312119
230.915233 0.0208219807
231.066501 0.0218284959
231.21777 0.0228486221
231.369038 0.023880113
231.520307 0.0249206248
231.671575 0.0259677312
231.822844 0.0270189403
231.974112 0.0280717123
232.125381 0.0291234785
232.276649 0.030171661
232.427918 0.0312136939
232.579186 0.0322470444
232.730455 0.0332692348
232.881724 0.0342778642
233.032992 0.0352706308
233.184261 0.0362453534
233.335529 0.0371999929
233.486798 0.0381326722
233.638066 0.039041696
233.789335 0.0399255688
233.940603 0.0407830115
234.091872 0.0416129762
234.24314 0.0424146592
234.394409 0.0431875115
234.545677 0.043931247
234.696946 0.0446458484
234.848215 0.04533157
234.999483 0.0459889375
235.150752 0.0466187455
235.30202 0.047222051
235.453289 0.0478001649
235.604557 0.0483546393
235.755826 0.0488872524
235.907094 0.0493999904
236.058363 0.0498950259
236.209631 0.0503746944
236.3609 0.0508414673
236.512168 0.0512979235
236.663437 0.0517467179
236.814705 0.0521905488
236.965974 0.0526321232
237.117243 0.053074122
237.268511 0.0535191629
237.41978 0.0539697641
237.571048 0.0544283077
237.722317 0.0548970036
237.873585 0.055377854
238.024854 0.0558726199
238.176122 0.0563827887
238.327391 0.056909545
238.478659 0.0574537426
238.629928 0.0580158815
238.781196 0.0585960865
238.932465 0.0591940906
239.083734 0.0598092228
239.235002 0.0604403992
239.386271 0.0610861192
239.537539 0.0617444668
239.688808 0.0624131164
239.840076 0.0630893428
239.991345 0.0637700375
240.142613 0.0644517283
240.293882 0.0651306045
240.44515 0.0658025461
240.596419 0.0664631571
240.747687 0.0671078028
240.898956 0.0677316506
241.050224 0.0683297132
241.201493 0.0688968952
241.352762 0.0694280411
241.50403 0.0699179849
241.655299 0.0703616008
241.806567 0.0707538539
241.957836 0.0710898504
242.109104 0.0713648879
242.260373 0.0715745031
242.411641 0.0717145179
242.56291 0.071781083
242.714178 0.0717707183
242.865447 0.0716803495
243.016715 0.0715073414
243.167984 0.0712495254
243.319253 0.070905224
243.470521 0.0704732692
243.62179 0.069953016
243.773058 0.0693443507
243.924327 0.0686476942
244.075595 0.0678639991
244.226864 0.0669947427
244.378132 0.066041914
244.529401 0.0650079963
244.680669 0.0638959451
244.831938 0.0627091615
244.983206 0.0614514622
245.134475 0.0601270455
245.285743 0.0587404544
245.437012 0.0572965372
245.588281 0.055800406
245.739549 0.0542573934
245.890818 0.0526730086
246.042086 0.0510528924
246.193355 0.0494027726
246.344623 0.0477284196
246.495892 0.046035603
246.64716 0.0443300495
246.798429 0.0426174024
246.949697 0.0409031839
247.100966 0.0391927587
247.252234 0.0374913018
247.403503 0.0358037676
247.554771 0.0341348637
247.70604 0.0324890274
247.857309 0.0308704052
248.008577 0.0292828366
248.159846 0.0277298407
248.311114 0.0262146068
248.462383 0.0247399878
248.613651 0.0233084976
248.76492 0.0219223109
248.916188 0.0205832661
249.067457 0.0192928716
249.218725 0.0180523135
249.369994 0.0168624667
249.521262 0.0157239074
249.672531 0.0146369272
249.8238 0.0136015495
249.975068 0.0126175464
250.126337 0.011684457
250.277605 0.010801606
250.428874 0.00996812353
250.580142 0.00918296455
250.731411 0.00844492849
250.882679 0.0077526789
251.033948 0.00710476254
251.185216 0.00649962804
251.336485 0.00593564391
251.487753 0.00541111572
251.639022 0.00492430237
251.79029 0.00447343145
251.941559 0.00405671341
252.092828 0.0036723548
252.244096 0.0033185702
252.395365 0.0029935931
252.546633 0.00269568558
252.697902 0.00242314688
252.84917 0.0021743208
253.000439 0.00194760204
253.151707 0.0017414415
253.302976 0.0015543506
253.454244 0.00138490464
253.605513 0.00123174529
253.756781 0.00109358231
253.90805 0.000969194525
254.059319 0.000857430077
254.210587 0.000757206179
254.361856 0.00066750827
254.513124 0.000587388735
254.664393 0.000515965231
254.815661 0.000452418678
254.96693 0.000395990977
255.118198 0.000345982508
255.269467 0.000301749458
255.420735 0.000262701034
255.572004 0.000228296586
255.723272 0.000198042699
255.874541 0.000171490265
256.025809 0.000148231589
256.177078 0.00012789753
256.328347 0.000110154717
256.479615 9.47028487e-05
256.630884 8.12720932e-05
256.782152 6.9620601e-05
256.933421 5.95321379e-05
257.084689 5.0813844e-05
257.235958 4.32941239e-05
257.387226 3.68206694e-05
257.538495 3.12586132e-05
257.689763 2.64888149e-05
257.841032 2.24062739e-05
257.9923 1.89186676e-05
258.143569 1.59450083e-05
258.294838 1.34144158e-05
258.446106 1.12649977e-05
258.597375 9.44283282e-06
