# time_s density
2064.90841 1.1556527e-06
2066.16806 1.43243329e-06
2067.42771 1.77040266e-06
2068.68737 2.18183063e-06
2069.94702 2.68115643e-06
2071.20667 3.28530924e-06
2072.46633 4.0140635e-06
2073.72598 4.89043005e-06
2074.98564 5.94108409e-06
2076.24529 7.19683004e-06
2077.50494 8.69310287e-06
2078.7646 1.04705045e-05
2080.02425 1.2575373e-05
2081.2839 1.5060381e-05
2082.54356 1.79851585e-05
2083.80321 2.14169344e-05
2085.06286 2.5431188e-05
2086.32252 3.01123033e-05
2087.58217 3.55542122e-05
2088.84182 4.18610172e-05
2090.10148 4.91475774e-05
2091.36113 5.75400421e-05
2092.62078 6.71763154e-05
2093.88044 7.82064332e-05
2095.14009 9.07928324e-05
2096.39974 0.000105110491
2097.6594 0.000121346923
2098.91905 0.000139701997
2100.1787 0.000160387574
2101.43836 0.000183626928
2102.69801 0.000209653948
2103.95766 0.000238712095
2105.21732 0.000271053108
2106.47697 0.000306935452
2107.73662 0.000346622496
2108.99628 0.000390380437
2110.25593 0.000438475964
2111.51558 0.000491173679
2112.77524 0.000548733297
2114.03489 0.000611406649
2115.29454 0.00067943452
2116.5542 0.000753043356
2117.81385 0.000832441903
2119.0735 0.000917817796
2120.33316 0.00100933419
2121.59281 0.00110712646
2122.85246 0.00121129907
2124.11212 0.00132192261
2125.37177 0.00143903113
2126.63142 0.00156261983
2127.89108 0.00169264309
2129.15073 0.00182901299
2130.41038 0.00197159828
2131.67004 0.00212022394
2132.92969 0.00227467122
2134.18934 0.00243467839
2135.449 0.00259994193
2136.70865 0.0027701184
2137.9683 0.00294482689
2139.22796 0.00312365194
2140.48761 0.00330614704
2141.74726 0.00349183851
2143.00692 0.00368022981
2144.26657 0.00387080613
2145.52622 0.00406303925
2146.78588 0.00425639248
2148.04553 0.0044503257
2149.30518 0.00464430035
2150.56484 0.00483778426
2151.82449 0.00503025632
2153.08414 0.00522121074
2154.3438 0.00541016104
2155.60345 0.00559664351
2156.8631 0.00578022019
2158.12276 0.0059604813
2159.38241 0.00613704706
2160.64206 0.00630956893
2161.90172 0.00647773023
2163.16137 0.00664124613
2164.42102 0.00679986314
2165.68068 0.00695335792
2166.94033 0.00710153574
2168.19998 0.00724422834
2169.45964 0.00738129155
2170.71929 0.00751260245
2171.97894 0.00763805641
2173.2386 0.00775756387
2174.49825 0.00787104709
2175.7579 0.00797843684
2177.01756 0.00807966918
2178.27721 0.00817468235
2179.53686 0.00826341386
2180.79652 0.00834579785
2182.05617 0.00842176271
2183.31582 0.00849122911
2184.57548 0.00855410837
2185.83513 0.0086103013
2187.09478 0.00865969743
2188.35444 0.00870217474
2189.61409 0.00873759984
2190.87374 0.00876582862
2192.1334 0.00878670738
2193.39305 0.00880007435
2194.6527 0.00880576173
2195.91236 0.00880359807
2197.17201 0.00879341107
2198.43166 0.00877503067
2199.69132 0.00874829251
2200.95097 0.00871304161
2202.21062 0.0086691363
2203.47028 0.00861645222
2204.72993 0.00855488656
2205.98958 0.00848436223
2207.24924 0.00840483206
2208.50889 0.00831628293
2209.76854 0.00821873972
2211.0282 0.00811226908
2212.28785 0.00799698287
2213.5475 0.00787304131
2214.80716 0.00774065567
2216.06681 0.00760009053
2217.32646 0.00745166547
2218.58612 0.00729575622
2219.84577 0.00713279516
2221.10542 0.0069632712
2222.36508 0.00678772888
2223.62473 0.00660676693
2224.88438 0.00642103593
2226.14404 0.00623123539
2227.40369 0.00603811008
2228.66334 0.00584244573
2229.923 0.00564506397
2231.18265 0.00544681685
2232.4423 0.00524858065
2233.70196 0.00505124931
2234.96161 0.00485572739
2236.22126 0.00466292269
2237.48092 0.00447373869
2238.74057 0.00428906664
2240.00022 0.00410977775
2241.25988 0.00393671522
2242.51953 0.00377068643
2243.77918 0.00361245531
2245.03884 0.00346273487
2246.29849 0.00332218017
2247.55815 0.00319138165
2248.8178 0.00307085894
2250.07745 0.00296105524
2251.33711 0.00286233234
2252.59676 0.00277496628
2253.85641 0.00269914384
2255.11607 0.00263495966
2256.37572 0.0025824144
2257.63537 0.00254141357
2258.89503 0.0025117674
2260.15468 0.00249319161
2261.41433 0.00248530904
2262.67399 0.00248765235
2263.93364 0.00249966759
2265.19329 0.00252071873
2266.45295 0.00255009314
2267.7126 0.00258700788
2268.97225 0.00263061691
2270.23191 0.00268001906
2271.49156 0.00273426668
2272.75121 0.00279237499
2274.01087 0.0028533319
2275.27052 0.00291610831
2276.53017 0.00297966874
2277.78983 0.00304298206
2279.04948 0.0031050324
2280.30913 0.00316482984
2281.56879 0.00322142096
2282.82844 0.00327389896
2284.08809 0.00332141324
2285.34775 0.00336317831
2286.6074 0.00339848195
2287.86705 0.0034266923
2289.12671 0.00344726402
2290.38636 0.00345974328
2291.64601 0.00346377146
2292.90567 0.00345908764
2294.16532 0.00344552976
2295.42497 0.00342303444
2296.68463 0.00339163547
2297.94428 0.00335146103
2299.20393 0.00330272971
2300.46359 0.00324574536
2301.72324 0.00318089093
2302.98289 0.00310862131
2304.24255 0.00302945553
2305.5022 0.00294396815
2306.76185 0.00285278027
2308.02151 0.00275655025
2309.28116 0.00265596412
2310.54081 0.00255172615
2311.80047 0.00244454948
2313.06012 0.00233514709
2314.31977 0.00222422317
2315.57943 0.00211246513
2316.83908 0.00200053617
2318.09873 0.00188906868
2319.35839 0.00177865843
2320.61804 0.00166985965
2321.87769 0.00156318095
2323.13735 0.00145908229
2324.397 0.00135797268
2325.65665 0.00126020889
2326.91631 0.00116609497
2328.17596 0.00107588253
2329.43561 0.000989771747
2330.69527 0.000907913096
2331.95492 0.000830409549
2333.21457 0.00075731933
2334.47423 0.000688659046
2335.73388 0.000624407127
2336.99353 0.000564507506
2338.25319 0.000508873428
2339.51284 0.000457391335
2340.77249 0.000409924742
2342.03215 0.000366318046
2343.2918 0.000326400212
2344.55145 0.000289988279
2345.81111 0.000256890662
2347.07076 0.000226910201
2348.33041 0.000199846952
2349.59007 0.000175500687
2350.84972 0.00015367311
2352.10937 0.000134169773
2353.36903 0.000116801718
2354.62868 0.000101386819
2355.88833 8.77508804e-05
2357.14799 7.57284684e-05
2358.40764 6.51635242e-05
2359.66729 5.59097627e-05
2360.92695 4.78308857e-05
2362.1866 4.08006312e-05
2363.44625 3.47026804e-05
2364.70591 2.94304456e-05
2365.96556 2.48867583e-05
2367.22521 2.0983479e-05
2368.48487 1.7641046e-05
2369.74452 1.47879794e-05
2371.00417 1.23603568e-05
2372.26383 1.03012718e-05
2373.52348 8.56028752e-06
2374.78313 7.09289484e-06
2376.04279 5.85998297e-06
2377.30244 4.82732846e-06
2378.56209 3.96510788e-06
2379.82175 3.2474377e-06
2381.0814 2.65194377e-06
2382.34105 2.159362e-06
2383.60071 1.75317093e-06
2384.86036 1.41925596e-06
2386.12001 1.14560487e-06
