# time_s density
1523.81646 3.94388399e-06
1524.35343 4.66119274e-06
1524.89041 5.49943017e-06
1525.42739 6.47718383e-06
1525.96437 7.61557787e-06
1526.50134 8.93856556e-06
1527.03832 1.0473247e-05
1527.5753 1.22502132e-05
1528.11227 1.43039169e-05
1528.64925 1.66730704e-05
1529.18623 1.94010723e-05
1529.72321 2.25364598e-05
1530.26018 2.61333901e-05
1530.79716 3.02521467e-05
1531.33414 3.4959671e-05
1531.87112 4.03301174e-05
1532.40809 4.64454285e-05
1532.94507 5.33959283e-05
1533.48205 6.12809294e-05
1534.01903 7.02093492e-05
1534.556 8.03003311e-05
1535.09298 9.16838635e-05
1535.62996 0.00010450139
1536.16694 0.000118906406
1536.70391 0.000135065024
1537.24089 0.000153156515
1537.77787 0.000173373794
1538.31485 0.000195923862
1538.85182 0.000221028171
1539.3888 0.000248922915
1539.92578 0.000279859229
1540.46276 0.000314103281
1540.99973 0.000351936245
1541.53671 0.000393654139
1542.07369 0.000439567523
1542.61066 0.000490001027
1543.14764 0.000545292714
1543.68462 0.000605793255
1544.2216 0.000671864899
1544.75857 0.000743880251
1545.29555 0.000822220819
1545.83253 0.000907275343
1546.36951 0.000999437901
1546.90648 0.00109910578
1547.44346 0.00120667709
1547.98044 0.00132254823
1548.51742 0.00144711103
1549.05439 0.00158074972
1549.59137 0.00172383775
1550.12835 0.00187673434
1550.66533 0.00203978093
1551.2023 0.00221329744
1551.73928 0.00239757845
1552.27626 0.00259288929
1552.81324 0.00279946206
1553.35021 0.00301749169
1553.88719 0.00324713194
1554.42417 0.00348849155
1554.96114 0.00374163047
1555.49812 0.00400655628
1556.0351 0.00428322079
1556.57208 0.0045715169
1557.10905 0.0048712758
1557.64603 0.00518226452
1558.18301 0.00550418382
1558.71999 0.00583666668
1559.25696 0.00617927709
1559.79394 0.00653150951
1560.33092 0.00689278887
1560.8679 0.00726247109
1561.40487 0.00763984432
1561.94185 0.00802413074
1562.47883 0.00841448907
1563.01581 0.00881001767
1563.55278 0.00920975831
1564.08976 0.00961270063
1564.62674 0.0100177871
1565.16372 0.0104239188
1565.70069 0.0108299614
1566.23767 0.0112347521
1566.77465 0.0116371064
1567.31163 0.0120358263
1567.8486 0.0124297077
1568.38558 0.0128175489
1568.92256 0.0131981587
1569.45953 0.0135703655
1569.99651 0.0139330253
1570.53349 0.0142850306
1571.07047 0.0146253186
1571.60744 0.0149528798
1572.14442 0.0152667655
1572.6814 0.0155660955
1573.21838 0.0158500652
1573.75535 0.0161179522
1574.29233 0.0163691222
1574.82931 0.0166030338
1575.36629 0.0168192438
1575.90326 0.0170174102
1576.44024 0.0171972953
1576.97722 0.0173587678
1577.5142 0.0175018033
1578.05117 0.0176264851
1578.58815 0.0177330028
1579.12513 0.0178216507
1579.66211 0.0178928249
1580.19908 0.0179470198
1580.73606 0.0179848233
1581.27304 0.0180069113
1581.81002 0.0180140417
1582.34699 0.0180070471
1582.88397 0.017986827
1583.42095 0.0179543395
1583.95792 0.0179105924
1584.4949 0.0178566335
1585.03188 0.0177935412
1585.56886 0.0177224138
1586.10583 0.0176443598
1586.64281 0.0175604871
1587.17979 0.0174718926
1587.71677 0.0173796519
1588.25374 0.0172848095
1588.79072 0.0171883685
1589.3277 0.0170912817
1589.86468 0.0169944423
1590.40165 0.016898676
1590.93863 0.0168047329
1591.47561 0.0167132814
1592.01259 0.0166249013
1592.54956 0.0165400795
1593.08654 0.0164592054
1593.62352 0.0163825676
1594.1605 0.0163103525
1594.69747 0.0162426425
1595.23445 0.0161794165
1595.77143 0.0161205509
1596.3084 0.016065822
1596.84538 0.0160149088
1597.38236 0.0159673979
1597.91934 0.0159227883
1598.45631 0.015880498
1598.99329 0.0158398708
1599.53027 0.0158001842
1600.06725 0.0157606581
1600.60422 0.0157204638
1601.1412 0.0156787337
1601.67818 0.0156345715
1602.21516 0.0155870623
1602.75213 0.0155352834
1603.28911 0.0154783146
1603.82609 0.0154152489
1604.36307 0.0153452025
1604.90004 0.0152673252
1605.43702 0.0151808097
1605.974 0.0150849005
1606.51098 0.0149789029
1607.04795 0.0148621901
1607.58493 0.0147342105
1608.12191 0.0145944935
1608.65889 0.014442655
1609.19586 0.0142784011
1609.73284 0.0141015314
1610.26982 0.0139119415
1610.80679 0.0137096232
1611.34377 0.0134946655
1611.88075 0.0132672528
1612.41773 0.0130276636
1612.9547 0.0127762669
1613.49168 0.0125135189
1614.02866 0.0122399579
1614.56564 0.0119561994
1615.10261 0.0116629295
1615.63959 0.0113608983
1616.17657 0.0110509128
1616.71355 0.0107338295
1617.25052 0.0104105458
1617.7875 0.0100819926
1618.32448 0.00974912571
1618.86146 0.00941291746
1619.39843 0.00907434884
1619.93541 0.00873440125
1620.47239 0.00839404889
1621.00937 0.00805425123
1621.54634 0.00771594604
1622.08332 0.00738004284
1622.6203 0.00704741682
1623.15728 0.00671890338
1623.69425 0.00639529328
1624.23123 0.00607732834
1624.76821 0.00576569784
1625.30518 0.00546103559
1625.84216 0.00516391758
1626.37914 0.00487486038
1626.91612 0.00459432002
1627.45309 0.00432269163
1627.99007 0.00406030957
1628.52705 0.00380744809
1629.06403 0.00356432256
1629.601 0.0033310911
1630.13798 0.00310785664
1630.67496 0.00289466938
1631.21194 0.00269152951
1631.74891 0.00249839023
1632.28589 0.00231516099
1632.82287 0.0021417109
1633.35985 0.00197787221
1633.89682 0.00182344394
1634.4338 0.0016781955
1634.97078 0.00154187026
1635.50776 0.0014141892
1636.04473 0.00129485432
1636.58171 0.00118355208
1637.11869 0.00107995661
1637.65566 0.000983732803
1638.19264 0.00089453924
1638.72962 0.000812030895
1639.2666 0.00073586166
1639.80357 0.00066568665
1640.34055 0.000601164297
1640.87753 0.000541958225
1641.41451 0.000487738914
1641.95148 0.000438185146
1642.48846 0.000392985254
1643.02544 0.000351838163
1643.56242 0.000314454249
1644.09939 0.000280556018
1644.63637 0.000249878615
1645.17335 0.000222170179
1645.71033 0.00019719206
1646.2473 0.000174718901
1646.78428 0.000154538608
1647.32126 0.000136452215
1647.85824 0.00012027366
1648.39521 0.000105829483
1648.93219 9.29584567e-05
1649.46917 8.15111656e-05
1650.00615 7.13495374e-05
1650.54312 6.2346342e-05
1651.0801 5.43846649e-05
1651.61708 4.73573629e-05
1652.15405 4.11665108e-05
1652.69103 3.57228435e-05
1653.22801 3.09452025e-05
1653.76499 2.6759988e-05
1654.30196 2.31006241e-05
1654.83894 1.99070391e-05
1655.37592 1.71251635e-05
1655.9129 1.47064495e-05
1656.44987 1.2607412e-05
1656.98685 1.07891944e-05
1657.52383 9.21715739e-06
1658.06081 7.8604945e-06
1658.59778 6.69187122e-06
1659.13476 5.68708983e-06
1659.67174 4.82477846e-06
1660.20872 4.08610396e-06
1660.74569 3.45450769e-06
