# fraction_pct mean ci_low ci_high
0.000000 1.155749 0.000000 4.127179
1.010101 8.380278 2.440360 14.320196
2.020202 12.710478 3.929915 21.491042
3.030303 16.679425 5.955162 27.403687
4.040404 31.872108 16.053430 47.690787
5.050505 46.473620 21.377259 71.569982
6.060606 58.133765 37.510999 78.756530
7.070707 64.922257 45.212805 84.631709
8.080808 67.394497 47.977768 86.811226
9.090909 69.904908 54.348987 85.460828
10.101010 72.407169 60.633726 84.180612
11.111111 74.875683 66.702135 83.049231
12.121212 77.362141 72.335990 82.388291
13.131313 81.107234 77.427528 84.786941
14.141414 87.265565 83.429456 91.101673
15.151515 92.890751 89.480776 96.300726
16.161616 99.528682 96.117611 102.939752
17.171717 104.564008 101.610605 107.517411
18.181818 108.483429 103.520873 113.445986
19.191919 117.224043 115.579211 118.868875
20.202020 69.275267 41.899512 96.651021
21.212121 44.525018 26.656565 62.393471
22.222222 33.357717 32.952183 33.763250
23.232323 33.869979 33.215206 34.524752
24.242424 33.869979 33.215206 34.524752
25.252525 33.869979 33.215206 34.524752
26.262626 34.728498 34.462550 34.994447
27.272727 34.728498 34.462550 34.994447
28.282828 34.888705 34.888691 34.888719
29.292929 35.549900 34.855899 36.243901
30.303030 35.990062 35.095400 36.884724
31.313131 36.206585 34.829233 37.583936
32.323232 36.401138 34.554210 38.248065
33.333333 36.620902 34.768262 38.473541
34.343434 37.233464 35.139269 39.327659
35.353535 37.233464 35.139269 39.327659
36.363636 37.233464 35.139269 39.327659
37.373737 37.397890 34.933492 39.862289
38.383838 38.206975 35.466101 40.947848
39.393939 38.383916 35.266068 41.501765
40.404040 38.383916 35.266068 41.501765
41.414141 38.383916 35.266068 41.501765
42.424242 39.321776 36.384586 42.258966
43.434343 39.321776 36.384586 42.258966
44.444444 39.321776 36.384586 42.258966
45.454545 39.506638 36.551117 42.462159
46.464646 39.940283 36.812350 43.068215
47.474747 39.993681 36.759041 43.228321
48.484848 40.158108 36.894595 43.421620
49.494949 40.486961 37.207069 43.766852
50.505051 40.486961 37.207069 43.766852
51.515152 40.486961 37.207069 43.766852
52.525253 40.646475 37.313625 43.979326
53.535354 41.116771 37.483854 44.749689
54.545455 41.116771 37.483854 44.749689
55.555556 41.116771 37.483854 44.749689
56.565657 41.273376 37.582072 44.964680
57.575758 41.956445 38.480975 45.431915
58.585859 41.956445 38.480975 45.431915
59.595960 42.367521 39.801674 44.933369
60.606061 43.172777 41.530137 44.815417
61.616162 43.476105 41.561885 45.390325
62.626263 43.476105 41.561885 45.390325
63.636364 43.476105 41.561885 45.390325
64.646465 43.754768 41.659358 45.850178
65.656566 43.930049 41.709374 46.150723
66.666667 43.952571 41.681241 46.223901
67.676768 44.013384 41.770883 46.255885
68.686869 44.315919 42.037800 46.594038
69.696970 44.407907 42.173199 46.642615
70.707071 44.559175 42.342195 46.776154
71.717172 44.709270 42.443066 46.975473
72.727273 45.158648 42.766966 47.550331
73.737374 45.158648 42.766966 47.550331
74.747475 45.158648 42.766966 47.550331
75.757576 45.158648 42.766966 47.550331
76.767677 45.886863 43.545217 48.228509
77.777778 45.886863 43.545217 48.228509
78.787879 45.886863 43.545217 48.228509
79.797980 46.035203 43.630539 48.439867
80.808081 46.183543 43.732260 48.634826
81.818182 46.183543 43.732260 48.634826
82.828283 46.183543 43.732260 48.634826
83.838384 46.345009 43.778717 48.911301
84.848485 46.330957 43.777148 48.884767
85.858586 46.330957 43.777148 48.884767
86.868687 46.632512 44.385477 48.879547
87.878788 47.117364 44.562034 49.672694
88.888889 47.219948 44.599940 49.839957
89.898990 47.969975 46.832478 49.107472
90.909091 49.287209 48.586972 49.987446
91.919192 49.433313 48.976134 49.890493
92.929293 49.433313 48.976134 49.890493
93.939394 49.433313 48.976134 49.890493
94.949495 49.578507 49.121323 50.035691
95.959596 49.868894 49.868880 49.868908
96.969697 39.913185 14.317044 65.509326
97.979798 39.913185 14.317044 65.509326
98.989899 39.913185 14.317044 65.509326
100.000000 0.090330 0.090329 0.090330
