# fraction_pct mean ci_low ci_high
0.000000 2.580001 0.000000 9.211100
1.010101 11.388012 4.064588 18.711437
2.020202 12.075886 4.158834 19.992937
3.030303 13.762139 4.875504 22.648774
4.040404 16.418353 14.253793 18.582913
5.050505 17.476458 16.280744 18.672172
6.060606 17.148709 16.310948 17.986470
7.070707 17.184765 16.386406 17.983124
8.080808 17.173036 16.402446 17.943627
9.090909 17.156664 16.416791 17.896537
10.101010 17.131584 16.432549 17.830618
11.111111 17.157734 16.422103 17.893365
12.121212 17.156959 16.421843 17.892076
13.131313 17.144234 16.422306 17.866162
14.141414 17.121436 16.313776 17.929096
15.151515 17.101708 16.319624 17.883793
16.161616 14.443206 11.897549 16.988863
17.171717 9.988159 7.161226 12.815092
18.181818 9.952505 7.146207 12.758803
19.191919 9.094526 4.464008 13.725044
20.202020 10.092562 8.368207 11.816916
21.212121 10.082348 8.367213 11.797483
22.222222 11.168034 8.755530 13.580538
23.232323 12.646505 11.565842 13.727168
24.242424 11.315481 8.281403 14.349559
25.252525 12.940378 8.870543 17.010213
26.262626 13.605585 9.081080 18.130090
27.272727 12.778749 8.857890 16.699608
28.282828 11.631523 8.403578 14.859467
29.292929 13.302257 8.853614 17.750900
30.303030 12.450224 8.564465 16.335984
31.313131 12.405872 8.697907 16.113836
32.323232 11.473996 8.337015 14.610977
33.333333 12.871772 8.874807 16.868736
34.343434 13.351861 8.967360 17.736363
35.353535 11.812539 8.307973 15.317105
36.363636 10.904483 8.164928 13.644038
37.373737 12.675205 8.688671 16.661738
38.383838 13.059653 8.703383 17.415923
39.393939 11.044690 8.228170 13.861209
40.404040 11.080273 7.994871 14.165675
41.414141 12.564942 9.689493 15.440391
42.424242 14.405893 12.521343 16.290443
43.434343 10.942359 8.037739 13.846979
44.444444 10.755987 7.954074 13.557900
45.454545 12.044185 8.398579 15.689790
46.464646 13.057739 8.826641 17.288837
47.474747 10.628515 7.926833 13.330197
48.484848 11.869927 8.326946 15.412907
49.494949 12.377186 8.446589 16.307782
50.505051 12.539033 8.476985 16.601081
51.515152 10.593607 7.913432 13.273781
52.525253 12.257611 8.473936 16.041287
53.535354 12.709342 8.616285 16.802399
54.545455 12.688970 8.619662 16.758279
55.555556 10.874249 7.943734 13.804764
56.565657 12.129051 9.625409 14.632694
57.575758 13.663684 11.957598 15.369770
58.585859 12.377098 11.748071 13.006126
59.595960 11.534759 9.567691 13.501827
60.606061 13.255213 11.601833 14.908593
61.616162 13.795455 11.821791 15.769119
62.626263 12.687923 11.036277 14.339569
63.636364 11.371648 10.880045 11.863250
64.646465 12.575913 11.092243 14.059583
65.656566 13.214192 11.096097 15.332286
66.666667 10.757002 8.392434 13.121570
67.676768 11.862197 8.780782 14.943613
68.686869 12.332035 8.961072 15.702997
69.696970 12.686954 9.098967 16.274941
70.707071 10.960295 8.230755 13.689836
71.717172 11.818007 8.761266 14.874749
72.727273 12.635796 9.086766 16.184826
73.737374 12.328521 8.914536 15.742505
74.747475 10.956078 8.225974 13.686183
75.757576 12.173622 10.015221 14.332023
76.767677 13.642610 11.769652 15.515568
77.777778 13.004488 11.127233 14.881743
78.787879 12.767786 10.745846 14.789727
79.797980 13.327229 11.522148 15.132309
80.808081 13.615328 11.763287 15.467369
81.818182 13.165493 11.256878 15.074108
82.828283 13.057773 11.035212 15.080335
83.838384 13.379713 11.591787 15.167639
84.848485 12.855878 9.060115 16.651640
85.858586 11.514946 9.908051 13.121842
86.868687 12.310841 11.428627 13.193054
87.878788 13.430230 11.855649 15.004811
88.888889 12.892739 9.220094 16.565385
89.898990 11.451539 9.648236 13.254843
90.909091 12.785588 11.453967 14.117208
91.919192 13.309504 11.844686 14.774323
92.929293 13.324679 11.848691 14.800667
93.939394 12.550529 11.064398 14.036660
94.949495 13.058512 11.692099 14.424924
95.959596 12.937933 9.553696 16.322171
96.969697 9.959025 3.556227 16.361822
97.979798 9.223815 3.283758 15.163871
98.989899 10.228653 3.624295 16.833012
100.000000 0.000000 0.000000 0.000000
