# time_s density
1879.35691 2.0921321e-05
1879.46462 2.91940865e-05
1879.57232 4.04503949e-05
1879.68003 5.56509687e-05
1879.78773 7.60229607e-05
1879.89544 0.000103119053
1880.00314 0.000138884936
1880.11085 0.000185734875
1880.21856 0.000246634518
1880.32626 0.000325189375
1880.43397 0.000425736539
1880.54167 0.000553436234
1880.64938 0.000714358706
1880.75708 0.000915560784
1880.86479 0.00116514536
1880.97249 0.00147229598
1881.0802 0.00184727788
1881.1879 0.00230139635
1881.29561 0.00284690319
1881.40331 0.00349684245
1881.51102 0.004264828
1881.61872 0.00516474712
1881.72643 0.0062103874
1881.83413 0.00741498727
1881.94184 0.0087907153
1882.04954 0.0103480879
1882.15725 0.0120953402
1882.26495 0.0140377711
1882.37266 0.0161770867
1882.48036 0.0185107731
1882.58807 0.021031531
1882.69577 0.0237268076
1882.80348 0.0265784601
1882.91118 0.0295625852
1883.01889 0.032649542
1883.1266 0.0358041908
1883.2343 0.0389863629
1883.34201 0.0421515615
1883.44971 0.0452518877
1883.55742 0.0482371702
1883.66512 0.0510562638
1883.77283 0.0536584752
1883.88053 0.0559950597
1883.98824 0.0580207294
1884.09594 0.0596951083
1884.20365 0.0609840681
1884.31135 0.0618608848
1884.41906 0.0623071592
1884.52676 0.0623134593
1884.63447 0.0618796516
1884.74217 0.0610149059
1884.84988 0.059737373
1884.95758 0.0580735509
1885.06529 0.0560573717
1885.17299 0.0537290509
1885.2807 0.0511337559
1885.3884 0.0483201536
1885.49611 0.0453389029
1885.60381 0.042241156
1885.71152 0.039077131
1885.81922 0.035894808
1885.92693 0.0327387947
1886.03464 0.0296493943
1886.14234 0.0266618973
1886.25005 0.0238061062
1886.35775 0.0211060892
1886.46546 0.0185801518
1886.57316 0.0162410026
1886.68087 0.0140960848
1886.78857 0.0121480412
1886.89628 0.0103952777
1887.00398 0.00883258908
1887.11169 0.00745181464
1887.21939 0.00624249423
1887.3271 0.00519249808
1887.4348 0.00428861077
1887.54251 0.00351705383
1887.65021 0.00286393728
1887.75792 0.00231563504
1887.86562 0.00185908345
1887.97333 0.00148200576
1888.08103 0.00117306828
1888.18874 0.000921975575
1888.29644 0.000719513488
1888.40415 0.000557549283
1888.51185 0.000428998003
1888.61956 0.000327763762
1888.72726 0.000248663813
1888.83497 0.000187342238
1888.94268 0.000140178973
1889.05038 0.000104198777
1889.15809 7.69836465e-05
1889.26579 5.65912633e-05
1889.3735 4.14811785e-05
1889.4812 3.04498071e-05
1889.58891 2.25747537e-05
1889.69661 1.71686269e-05
1889.80432 1.37422572e-05
1889.91202 1.19771074e-05
1890.01973 1.17066367e-05
1890.12743 1.29064241e-05
1890.23514 1.5692957e-05
1890.34284 2.03311159e-05
1890.45055 2.72505269e-05
1890.55825 3.70710785e-05
1890.66596 5.06379888e-05
1890.77366 6.90668499e-05
1890.88137 9.37990323e-05
1890.98907 0.000126667701
1891.09678 0.00016997444
1891.20448 0.0002265761
1891.31219 0.000299980972
1891.41989 0.000394452695
1891.5276 0.000515119538
1891.63531 0.000668085739
1891.74301 0.000860540602
1891.85072 0.00110085998
1891.95842 0.0013986938
1892.06613 0.00176503231
1892.17383 0.00221224312
1892.28154 0.00275407067
1892.38924 0.00340558973
1892.49695 0.00418310517
1892.60465 0.00510399122
1892.71236 0.00618646524
1892.82006 0.0074492934
1892.92777 0.00891142846
1893.03547 0.0105915836
1893.14318 0.0125077498
1893.25088 0.0146766679
1893.35859 0.0171132713
1893.46629 0.0198301176
1893.574 0.0228368305
1893.6817 0.0261395744
1893.78941 0.0297405872
1893.89711 0.0336377911
1894.00482 0.0378245035
1894.11252 0.0422892628
1894.22023 0.0470157811
1894.32793 0.0519830271
1894.43564 0.0571654385
1894.54335 0.0625332524
1894.65105 0.0680529406
1894.75876 0.0736877263
1894.86646 0.0793981568
1894.97417 0.0851427053
1895.08187 0.0908783727
1895.18958 0.0965612637
1895.29728 0.102147115
1895.40499 0.107591763
1895.51269 0.112851533
1895.6204 0.117883567
1895.7281 0.122646078
1895.83581 0.12709856
1895.94351 0.13120197
1896.05122 0.134918909
1896.15892 0.138213825
1896.26663 0.14105326
1896.37433 0.143406177
1896.48204 0.145244361
1896.58974 0.146542909
1896.69745 0.147280812
1896.80515 0.147441601
1896.91286 0.147014035
1897.02056 0.145992816
1897.12827 0.144379261
1897.23597 0.142181919
1897.34368 0.139417068
1897.45139 0.136109062
1897.55909 0.132290488
1897.6668 0.128002109
1897.7745 0.123292563
1897.88221 0.118217835
1897.98991 0.112840486
1898.09762 0.107228661
1898.20532 0.101454916
1898.31303 0.095594876
1898.42073 0.0897257951
1898.52844 0.0839250344
1898.63614 0.0782685269
1898.74385 0.0728292627
1898.85155 0.0676758386
1898.95926 0.0628711098
1899.06696 0.058470972
1899.17467 0.0545232983
1899.28237 0.0510670494
1899.39008 0.0481315665
1899.49778 0.045736057
1899.60549 0.0438892741
1899.71319 0.0425893935
1899.8209 0.0418240861
1899.9286 0.0415707873
1900.03631 0.0417971593
1900.14401 0.0424617479
1900.25172 0.0435148264
1900.35943 0.0448994238
1900.46713 0.0465525259
1900.57484 0.048406435
1900.68254 0.0503902676
1900.79025 0.0524315613
1900.89795 0.0544579567
1901.00566 0.0563989111
1901.11336 0.0581873962
1901.22107 0.0597615268
1901.32877 0.061066066
1901.43648 0.062053753
1901.54418 0.0626864021
1901.65189 0.0629357311
1901.75959 0.0627838835
1901.8673 0.0622236236
1901.975 0.0612581965
1902.08271 0.0599008589
1902.19041 0.0581741029
1902.29812 0.0561086066
1902.40582 0.0537419609
1902.51353 0.0511172251
1902.62123 0.0482813779
1902.72894 0.0452837253
1902.83664 0.0421743321
1902.94435 0.0390025363
1903.05205 0.0358155989
1903.15976 0.032657533
1903.26747 0.029568144
1903.37517 0.0265823
1903.48288 0.0237294418
1903.59058 0.0210333255
1903.69829 0.018511987
1903.80599 0.0161779022
1903.9137 0.0140383151
1904.0214 0.0120957006
1904.12911 0.0103483249
1904.23681 0.00879087015
1904.34452 0.00741508771
1904.45222 0.0062104521
1904.55993 0.00516478851
1904.66763 0.00426485428
1904.77534 0.00349685903
1904.88304 0.00284691357
1904.99075 0.00230140281
1905.09845 0.00184728186
1905.20616 0.00147229842
1905.31386 0.00116514685
1905.42157 0.000915561684
1905.52927 0.000714359247
1905.63698 0.000553436556
1905.74468 0.000425736729
1905.85239 0.000325189488
1905.96009 0.000246634583
1906.0678 0.000185734913
1906.17551 0.000138884958
1906.28321 0.000103119066
1906.39092 7.60229677e-05
1906.49862 5.56509727e-05
1906.60633 4.04503971e-05
1906.71403 2.91940877e-05
1906.82174 2.09213217e-05
