# time_s density
207.313452 0.000133500313
207.350932 0.000277095768
207.388411 0.000555394489
207.42589 0.00107497238
207.46337 0.00200917197
207.500849 0.00362627705
207.538329 0.00632017228
207.575808 0.0106370431
207.613288 0.0172876907
207.650767 0.0271317069
207.688247 0.0411188836
207.725726 0.0601768676
207.763206 0.0850436528
207.800685 0.11605886
207.838164 0.152946224
207.875644 0.19463605
207.913123 0.239183862
207.950603 0.283834073
207.988082 0.325252954
208.025562 0.359916731
208.063041 0.384597882
208.100521 0.396858608
208.138 0.395447458
208.17548 0.380509791
208.212959 0.353563113
208.250438 0.317243058
208.287918 0.27487888
208.325397 0.229993034
208.362877 0.185828387
208.400356 0.14498848
208.437836 0.109239324
208.475315 0.0794783011
208.512795 0.0558395889
208.550274 0.0378843565
208.587754 0.0248199946
208.625233 0.0157024535
208.662712 0.00959306559
208.700192 0.00565941287
208.737671 0.00322410671
208.775151 0.00177366462
208.81263 0.000942231594
208.85011 0.000483356862
208.887589 0.000239443019
208.925069 0.000114540885
208.962548 5.29106331e-05
209.000028 2.36020347e-05
209.037507 1.01666998e-05
209.074986 4.22897012e-06
209.112466 1.69868675e-06
209.149945 6.58894753e-07
209.187425 2.46798698e-07
209.224904 8.92675764e-08
209.262384 3.11794672e-08
209.299863 1.05164146e-08
209.337343 3.42523821e-09
209.374822 1.07730326e-09
209.412302 3.27197522e-10
209.449781 9.59661756e-11
209.48726 2.71919073e-11
209.52474 7.4909497e-12
209.562219 2.20255222e-12
209.599699 1.45722774e-12
209.637178 3.81298673e-12
209.674658 1.37722751e-11
209.712137 4.94371409e-11
209.749617 1.71686576e-10
209.787096 5.75831639e-10
209.824576 1.86501563e-09
209.862055 5.8330304e-09
209.899534 1.76169541e-08
209.937014 5.13798089e-08
209.974493 1.4470369e-07
210.011973 3.93543471e-07
210.049452 1.03355244e-06
210.086932 2.6211991e-06
210.124411 6.41943122e-06
210.161891 1.51818257e-05
210.19937 3.46724822e-05
210.23685 7.64685529e-05
210.274329 0.000162863089
210.311808 0.000334973915
210.349288 0.000665360475
210.386767 0.0012763603
210.424247 0.00236470597
210.461726 0.0042314803
210.499206 0.00731393993
210.536685 0.0122123431
210.574165 0.0197013628
210.611644 0.0307133175
210.649124 0.0462811582
210.686603 0.0674346922
210.724082 0.0950546314
210.761562 0.129704412
210.799041 0.171475335
210.836521 0.219890151
210.874 0.27390714
210.91148 0.332046854
210.948959 0.392628614
210.986439 0.454062377
211.023918 0.515108387
211.061398 0.575008224
211.098877 0.63341664
211.136356 0.690122669
211.173836 0.744625048
211.211315 0.795694654
211.248795 0.841087516
211.286274 0.877548091
211.323754 0.901165151
211.361233 0.908033934
211.398713 0.895074531
211.436192 0.860794779
211.473672 0.805789391
211.511151 0.732835687
211.54863 0.6465569
211.58611 0.552739367
211.623589 0.457473439
211.661069 0.366316424
211.698548 0.283647089
211.736028 0.212311598
211.773507 0.15357703
211.810987 0.107337303
211.848466 0.0724743894
211.885946 0.047269648
211.923425 0.029779052
211.960904 0.0181194857
211.998384 0.0106480418
212.035863 0.00604323781
212.073343 0.00331235103
212.110822 0.0017533272
212.148302 0.000896281825
212.185781 0.000442463668
212.223261 0.000210940234
212.26074 9.71153999e-05
212.29822 4.3177973e-05
212.335699 1.85387668e-05
212.373178 7.68675638e-06
212.410658 3.07785757e-06
212.448137 1.19013609e-06
212.485617 4.44413381e-07
212.523096 1.60258021e-07
212.560576 5.58077341e-08
212.598055 1.87676897e-08
212.635535 6.09493296e-09
212.673014 1.91147508e-09
212.710494 5.789084e-10
212.747973 1.6931385e-10
212.785452 4.78207598e-11
212.822932 1.30431277e-11
212.860411 3.43548646e-12
212.897891 8.73848004e-13
212.93537 2.14646917e-13
212.97285 5.09160206e-14
213.010329 1.16634016e-14
213.047809 2.58010231e-15
213.085288 5.51174964e-16
213.122768 1.13705857e-16
213.160247 2.26525409e-17
213.197726 4.35804471e-18
213.235206 8.09668135e-19
213.272685 1.45265658e-19
213.310165 2.51686165e-20
213.347644 4.21110568e-21
213.385124 6.80414061e-22
213.422603 1.06167281e-22
213.460083 1.59973598e-23
213.497562 2.32780216e-24
213.535042 3.27102515e-25
213.572521 4.4387603e-26
213.61 5.81673778e-27
213.64748 7.36108851e-28
213.684959 9.00372122e-29
213.722439 1.13449973e-29
213.759918 7.59294894e-30
213.797398 5.41224294e-29
213.834877 4.40985696e-28
213.872357 3.47806668e-27
213.909836 2.64904263e-26
213.947316 1.9483377e-25
213.984795 1.38376897e-24
214.022274 9.49045438e-24
214.059754 6.28542271e-23
214.097233 4.01981476e-22
214.134713 2.48257087e-21
214.172192 1.48054406e-20
214.209672 8.52638782e-20
214.247151 4.74168712e-19
214.284631 2.54638912e-18
214.32211 1.32050702e-17
214.35959 6.61272894e-17
214.397069 3.19775211e-16
214.434548 1.49325141e-15
214.472028 6.73356624e-15
214.509507 2.93211775e-14
214.546987 1.23293943e-13
214.584466 5.00640687e-13
214.621946 1.96306467e-12
214.659425 7.43305145e-12
214.696905 2.71783906e-11
214.734384 9.59631284e-11
214.771864 3.27196858e-10
214.809343 1.07730312e-09
214.846822 3.42523818e-09
214.884302 1.05164146e-08
214.921781 3.11794672e-08
214.959261 8.92675764e-08
214.99674 2.46798698e-07
215.03422 6.58894753e-07
215.071699 1.69868675e-06
215.109179 4.22897012e-06
215.146658 1.01666998e-05
215.184138 2.36020347e-05
215.221617 5.29106331e-05
215.259096 0.000114540885
215.296576 0.000239443019
215.334055 0.000483356862
215.371535 0.000942231594
215.409014 0.00177366462
215.446494 0.00322410671
215.483973 0.00565941287
215.521453 0.00959306559
215.558932 0.0157024535
215.596412 0.0248199946
215.633891 0.0378843565
215.67137 0.0558395889
215.70885 0.0794783011
215.746329 0.109239324
215.783809 0.14498848
215.821288 0.185828387
215.858768 0.229993034
215.896247 0.27487888
215.933727 0.317243058
215.971206 0.353563113
216.008686 0.380509791
216.046165 0.395447458
216.083644 0.396858608
216.121124 0.384597882
216.158603 0.359916731
216.196083 0.325252954
216.233562 0.283834073
216.271042 0.239183862
216.308521 0.19463605
216.346001 0.152946224
216.38348 0.11605886
216.42096 0.0850436528
216.458439 0.0601768676
216.495918 0.0411188836
216.533398 0.0271317069
216.570877 0.0172876907
216.608357 0.0106370431
216.645836 0.00632017228
216.683316 0.00362627705
216.720795 0.00200917197
216.758275 0.00107497238
216.795754 0.000555394489
216.833234 0.000277095768
216.870713 0.000133500313
