# fraction_pct mean ci_low ci_high
0.000000 0.000000 0.000000 0.000000
1.010101 0.000000 0.000000 0.000000
2.020202 0.000000 0.000000 0.000000
3.030303 0.000000 0.000000 0.000000
4.040404 0.000000 0.000000 0.000000
5.050505 0.000000 0.000000 0.000000
6.060606 0.000000 0.000000 0.000000
7.070707 0.000000 0.000000 0.000000
8.080808 0.000000 0.000000 0.000000
9.090909 0.000000 0.000000 0.000000
10.101010 0.000000 0.000000 0.000000
11.111111 0.000000 0.000000 0.000000
12.121212 0.000000 0.000000 0.000000
13.131313 0.000000 0.000000 0.000000
14.141414 0.000000 0.000000 0.000000
15.151515 0.009615 0.000000 0.024782
16.161616 0.031052 0.003828 0.058276
17.171717 0.081543 0.081336 0.081749
18.181818 0.081543 0.081336 0.081749
19.191919 0.081543 0.081336 0.081749
20.202020 0.266114 0.146250 0.385978
21.212121 1.665615 1.615283 1.715947
22.222222 2.136825 0.998998 3.274653
23.232323 2.626237 1.157602 4.094871
24.242424 2.695861 1.295564 4.096158
25.252525 3.413575 2.250650 4.576501
26.262626 3.446892 2.284380 4.609404
27.272727 3.560803 2.360138 4.761468
28.282828 3.560803 2.360138 4.761468
29.292929 3.560803 2.360138 4.761468
30.303030 3.560803 2.360138 4.761468
31.313131 4.027821 4.027614 4.028027
32.323232 4.027821 4.027614 4.028027
33.333333 4.027821 4.027614 4.028027
34.343434 4.027821 4.027614 4.028027
35.353535 4.055106 4.007443 4.102770
36.363636 4.425112 3.943172 4.907052
37.373737 5.286638 4.430805 6.142470
38.383838 4.267359 2.090681 6.444037
39.393939 3.736937 1.341512 6.132361
40.404040 3.789310 1.311434 6.267186
41.414141 3.118328 1.151034 5.085621
42.424242 2.273834 2.117146 2.430523
43.434343 2.212840 2.207480 2.218200
44.444444 2.212840 2.207480 2.218200
45.454545 2.212840 2.207480 2.218200
46.464646 2.350065 1.995006 2.705125
47.474747 2.644389 2.316698 2.972080
48.484848 3.866322 3.797546 3.935099
49.494949 3.968166 3.904515 4.031817
50.505051 4.027623 4.027122 4.028123
51.515152 4.027815 4.027608 4.028021
52.525253 4.027815 4.027608 4.028021
53.535354 4.027815 4.027608 4.028021
54.545455 4.027815 4.027608 4.028021
55.555556 4.027815 4.027608 4.028021
56.565657 4.027815 4.027608 4.028021
57.575758 4.027815 4.027608 4.028021
58.585859 4.027815 4.027608 4.028021
59.595960 4.027815 4.027608 4.028021
60.606061 4.027815 4.027608 4.028021
61.616162 4.027815 4.027608 4.028021
62.626263 3.979039 3.870673 4.087406
63.636364 1.753204 1.188294 2.318115
64.646465 0.235469 0.088115 0.382823
65.656566 0.081543 0.081336 0.081749
66.666667 0.081543 0.081336 0.081749
67.676768 0.081543 0.081336 0.081749
68.686869 0.092490 0.064412 0.120569
69.696970 0.156764 0.067164 0.246364
70.707071 0.436683 0.256222 0.617145
71.717172 0.222157 0.068461 0.375852
72.727273 0.259439 0.042225 0.476654
73.737374 0.276639 0.018916 0.534362
74.747475 0.270860 0.007434 0.534287
75.757576 0.270860 0.007434 0.534287
76.767677 0.270860 0.007434 0.534287
77.777778 0.270860 0.007434 0.534287
78.787879 0.270860 0.007434 0.534287
79.797980 0.276172 0.004180 0.548165
80.808081 0.278176 0.002885 0.553466
81.818182 0.285119 0.000000 0.570994
82.828283 0.285119 0.000000 0.570994
83.838384 0.285119 0.000000 0.570994
84.848485 0.285119 0.000000 0.570994
85.858586 0.285119 0.000000 0.570994
86.868687 0.285119 0.000000 0.570994
87.878788 0.285119 0.000000 0.570994
88.888889 0.285119 0.000000 0.570994
89.898990 0.204773 0.000000 0.433182
90.909091 0.121170 0.093343 0.148997
91.919192 0.115998 0.095960 0.136036
92.929293 0.109873 0.093552 0.126194
93.939394 0.089043 0.051550 0.126537
94.949495 0.033478 0.026387 0.040570
95.959596 0.044642 0.044442 0.044842
96.969697 0.038453 0.022454 0.054451
97.979798 0.016648 0.010537 0.022759
98.989899 0.013601 0.013502 0.013699
100.000000 0.013601 0.013502 0.013699
