# fraction_pct mean ci_low ci_high
0.000000 0.209372 0.000000 0.424546
1.010101 0.446719 0.320811 0.572628
2.020202 0.526282 0.461478 0.591087
3.030303 0.570020 0.496546 0.643493
4.040404 0.684284 0.566869 0.801698
5.050505 0.735175 0.662484 0.807866
6.060606 0.829545 0.731173 0.927917
7.070707 0.901423 0.791351 1.011495
8.080808 0.941084 0.859567 1.022601
9.090909 0.981444 0.963208 0.999680
10.101010 0.982375 0.962758 1.001992
11.111111 0.983268 0.962243 1.004293
12.121212 0.983735 0.962259 1.005211
13.131313 0.984499 0.961136 1.007862
14.141414 0.984520 0.961212 1.007829
15.151515 1.000395 0.978424 1.022366
16.161616 1.019970 0.988727 1.051213
17.171717 1.611592 1.507959 1.715225
18.181818 2.289903 2.232552 2.347254
19.191919 2.737124 2.696775 2.777474
20.202020 3.285330 3.253074 3.317587
21.212121 3.353252 3.322199 3.384305
22.222222 3.371330 3.338542 3.404118
23.232323 3.381678 3.347020 3.416337
24.242424 3.390138 3.365039 3.415237
25.252525 3.395950 3.371530 3.420369
26.262626 3.398442 3.376530 3.420355
27.272727 3.398748 3.376686 3.420809
28.282828 3.398968 3.376784 3.421152
29.292929 3.399440 3.376948 3.421933
30.303030 3.399517 3.376968 3.422065
31.313131 3.405067 3.388296 3.421838
32.323232 3.409499 3.396314 3.422684
33.333333 3.483598 3.368953 3.598243
34.343434 3.681960 3.431437 3.932483
35.353535 3.987207 3.692407 4.282006
36.363636 4.235170 4.050455 4.419884
37.373737 4.335755 4.288572 4.382938
38.383838 4.345356 4.316795 4.373917
39.393939 4.346798 4.317313 4.376282
40.404040 4.347135 4.318100 4.376170
41.414141 4.347236 4.318105 4.376368
42.424242 4.347252 4.318105 4.376399
43.434343 4.347545 4.318107 4.376983
44.444444 4.347545 4.318107 4.376983
45.454545 4.347830 4.318632 4.377029
46.464646 4.349288 4.321262 4.377313
47.474747 4.352281 4.326854 4.377708
48.484848 4.377837 4.325121 4.430553
49.494949 4.835493 4.771618 4.899367
50.505051 5.458953 5.247021 5.670885
51.515152 5.966630 5.885198 6.048061
52.525253 6.072295 5.969921 6.174670
53.535354 6.976311 6.635054 7.317568
54.545455 8.028819 7.863036 8.194603
55.555556 8.309416 8.091186 8.527647
56.565657 8.372034 8.172611 8.571456
57.575758 8.416081 8.214594 8.617567
58.585859 8.450536 8.237621 8.663452
59.595960 8.493664 8.276824 8.710504
60.606061 9.058965 8.701656 9.416274
61.616162 11.848672 11.307978 12.389367
62.626263 12.536482 12.242544 12.830420
63.636364 12.626686 12.349691 12.903681
64.646465 12.875958 12.610838 13.141079
65.656566 13.291755 13.100191 13.483318
66.666667 13.455088 13.114630 13.795546
67.676768 13.794015 13.541122 14.046908
68.686869 13.895764 13.629795 14.161734
69.696970 13.907205 13.643839 14.170571
70.707071 13.907723 13.644711 14.170735
71.717172 13.913054 13.655553 14.170556
72.727273 13.913635 13.656414 14.170857
73.737374 13.913528 13.657181 14.169876
74.747475 13.913654 13.657304 14.170005
75.757576 13.913778 13.657294 14.170262
76.767677 13.913830 13.657293 14.170367
77.777778 13.913892 13.657283 14.170502
78.787879 13.913916 13.657282 14.170550
79.797980 13.914138 13.657205 14.171070
80.808081 13.914778 13.657149 14.172407
81.818182 13.914017 13.657178 14.170857
82.828283 13.914017 13.657178 14.170857
83.838384 13.914017 13.657178 14.170857
84.848485 13.914017 13.657178 14.170857
85.858586 13.914017 13.657178 14.170857
86.868687 13.914021 13.657178 14.170864
87.878788 13.914021 13.657178 14.170864
88.888889 13.914206 13.657108 14.171304
89.898990 13.914126 13.657138 14.171113
90.909091 13.914596 13.657101 14.172090
91.919192 13.915628 13.656967 14.174290
92.929293 13.916913 13.656819 14.177007
93.939394 13.917103 13.656841 14.177366
94.949495 13.917878 13.657840 14.177916
95.959596 13.918170 13.658392 14.177948
96.969697 13.244274 11.549811 14.938736
97.979798 1.337204 0.000000 4.004938
98.989899 0.000000 0.000000 0.000000
100.000000 0.000000 0.000000 0.000000
