# time_s density
32.9071158 0.000432980032
32.9098909 0.00051524072
32.912666 0.000611996791
32.9154411 0.000725580011
32.9182162 0.000858656047
32.9209913 0.00101426512
32.9237664 0.00119586646
32.9265415 0.00140738666
32.9293166 0.00165327219
32.9320917 0.00193854611
32.9348668 0.00226886907
32.9376419 0.00265060465
32.940417 0.00309088911
32.9431921 0.00359770531
32.9459672 0.00417996085
32.9487423 0.00484757014
32.9515174 0.00561154012
32.9542925 0.00648405922
32.9570676 0.00747858923
32.9598427 0.00860995927
32.9626178 0.00989446138
32.9653929 0.0113499468
32.968168 0.0129959219
32.9709431 0.0148536433
32.9737182 0.0169462097
32.9764933 0.0192986505
32.9792684 0.0219380094
32.9820435 0.0248934203
32.9848186 0.0281961756
32.9875937 0.0318797835
32.9903688 0.035980014
32.9931439 0.0405349295
32.995919 0.0455849008
32.9986941 0.0511726038
33.0014692 0.0573429968
33.0042443 0.0641432747
33.0070194 0.0716228006
33.0097945 0.0798330096
33.0125696 0.0888272866
33.0153447 0.0986608136
33.0181198 0.109390388
33.0208949 0.121074206
33.02367 0.133771619
33.0264451 0.147542851
33.0292202 0.162448689
33.0319953 0.178550136
33.0347704 0.195908033
33.0375455 0.214582654
33.0403206 0.234633267
33.0430957 0.256117674
33.0458708 0.27909172
33.0486459 0.30360879
33.051421 0.329719281
33.0541961 0.357470066
33.0569712 0.386903951
33.0597463 0.418059126
33.0625214 0.450968622
33.0652965 0.485659776
33.0680716 0.522153712
33.0708467 0.560464841
33.0736218 0.600600393
33.0763969 0.642559982
33.079172 0.686335214
33.0819471 0.73190934
33.0847222 0.779256968
33.0874973 0.828343827
33.0902724 0.879126611
33.0930475 0.931552874
33.0958226 0.985561018
33.0985977 1.04108035
33.1013728 1.09803122
33.1041479 1.15632524
33.106923 1.2158656
33.1096981 1.27654745
33.1124732 1.33825839
33.1152483 1.400879
33.1180234 1.46428348
33.1207985 1.52834037
33.1235736 1.5929133
33.1263487 1.65786186
33.1291238 1.72304245
33.1318989 1.78830925
33.134674 1.85351517
33.1374491 1.91851288
33.1402242 1.98315582
33.1429993 2.04729925
33.1457744 2.11080123
33.1485495 2.17352372
33.1513246 2.2353335
33.1540997 2.29610318
33.1568748 2.35571207
33.1596499 2.4140471
33.162425 2.47100356
33.1652001 2.52648585
33.1679752 2.5804081
33.1707503 2.63269476
33.1735254 2.683281
33.1763005 2.73211312
33.1790756 2.77914873
33.1818507 2.82435697
33.1846258 2.86771845
33.1874009 2.90922524
33.190176 2.9488806
33.1929511 2.98669873
33.1957262 3.02270434
33.1985013 3.05693208
33.2012764 3.08942598
33.2040515 3.1202387
33.2068266 3.14943074
33.2096017 3.17706953
33.2123768 3.20322849
33.2151519 3.22798603
33.217927 3.25142444
33.2207021 3.27362881
33.2234772 3.29468584
33.2262523 3.31468271
33.2290274 3.33370591
33.2318025 3.35184002
33.2345776 3.36916658
33.2373527 3.38576295
33.2401278 3.40170119
33.2429029 3.41704706
33.245678 3.43185895
33.2484531 3.44618702
33.2512282 3.46007235
33.2540033 3.47354613
33.2567784 3.48662909
33.2595535 3.49933089
33.2623286 3.51164971
33.2651037 3.52357193
33.2678788 3.53507197
33.2706539 3.54611218
33.273429 3.55664299
33.2762041 3.56660308
33.2789792 3.57591972
33.2817543 3.58450931
33.2845294 3.59227796
33.2873045 3.59912227
33.2900796 3.60493017
33.2928548 3.60958198
33.2956299 3.61295146
33.298405 3.61490704
33.3011801 3.61531312
33.3039552 3.61403146
33.3067303 3.61092262
33.3095054 3.60584741
33.3122805 3.59866848
33.3150556 3.58925183
33.3178307 3.57746835
33.3206058 3.56319539
33.3233809 3.5463182
33.326156 3.52673142
33.3289311 3.50434044
33.3317062 3.4790627
33.3344813 3.45082887
33.3372564 3.41958391
33.3400315 3.38528807
33.3428066 3.34791764
33.3455817 3.3074656
33.3483568 3.26394215
33.3511319 3.21737499
33.353907 3.16780946
33.3566821 3.11530857
33.3594572 3.0599527
33.3622323 3.0018393
33.3650074 2.9410823
33.3677825 2.87781138
33.3705576 2.81217114
33.3733327 2.74432005
33.3761078 2.6744293
33.3788829 2.60268157
33.381658 2.52926959
33.3844331 2.45439475
33.3872082 2.37826551
33.3899833 2.30109589
33.3927584 2.22310378
33.3955335 2.14450937
33.3983086 2.0655335
33.4010837 1.98639607
33.4038588 1.90731447
33.4066339 1.8285021
33.409409 1.7501669
33.4121841 1.67251005
33.4149592 1.59572468
33.4177343 1.51999476
33.4205094 1.44549404
33.4232845 1.37238523
33.4260596 1.30081915
33.4288347 1.23093414
33.4316098 1.16285559
33.4343849 1.09669553
33.43716 1.03255242
33.4399351 0.970511098
33.4427102 0.910642743
33.4454853 0.853005074
33.4482604 0.79764259
33.4510355 0.744586937
33.4538106 0.693857367
33.4565857 0.645461275
33.4593608 0.599394817
33.4621359 0.555643579
33.464911 0.514183308
33.4676861 0.474980677
33.4704612 0.437994079
33.4732363 0.403174445
33.4760114 0.370466065
33.4787865 0.339807414
33.4815616 0.311131968
33.4843367 0.284369001
33.4871118 0.259444358
33.4898869 0.236281204
33.492662 0.214800731
33.4954371 0.194922827
33.4982122 0.1765667
33.5009873 0.159651462
33.5037624 0.144096655
33.5065375 0.129822732
33.5093126 0.116751491
33.5120877 0.10480645
33.5148628 0.0939131826
33.5176379 0.0839995974
33.520413 0.0749961749
33.5231881 0.0668361595
33.5259632 0.0594557088
33.5287383 0.0527940047
33.5315134 0.046793327
33.5342885 0.041399095
33.5370636 0.0365598775
33.5398387 0.0322273776
33.5426138 0.0283563916
33.5453889 0.0249047486
33.548164 0.0218332314
33.5509391 0.0191054826
33.5537142 0.0166878984
33.5564893 0.0145495126
33.5592644 0.0126618729
33.5620395 0.0109989117
33.5648146 0.0095368141
33.5675897 0.00825388376
33.5703648 0.00713040856
33.5731399 0.00614852774
33.575915 0.0052921013
33.5786901 0.00454658275
33.5814652 0.00389889597
33.5842403 0.00333731704
33.5870154 0.00285136121
33.5897905 0.0024316757
33.5925656 0.0020699384
33.5953407 0.00175876272
33.5981158 0.00149160857
33.6008909 0.00126269948
33.603666 0.00106694588
33.6064411 0.000899874164
33.6092162 0.000757561567
33.6119913 0.000636576502
33.6147664 0.000533924145
