# time_s density
130.681901 9.07145734e-05
130.701965 0.000118794634
130.722028 0.000154849054
130.742091 0.000200914952
130.762155 0.000259482413
130.782218 0.000333576592
130.802282 0.000426849892
130.822345 0.000543684253
130.842409 0.000689303211
130.862472 0.000869892963
130.882536 0.0010927311
130.902599 0.00136632105
130.922663 0.00170052955
130.942726 0.00210672367
130.962789 0.00259790304
130.982853 0.00318882194
131.002916 0.0038960953
131.02298 0.00473828131
131.043043 0.00573593315
131.063107 0.00691161104
131.08317 0.00828984609
131.103234 0.0098970466
131.123297 0.011761338
131.14336 0.0139123283
131.163424 0.0163807911
131.183487 0.0191982612
131.203551 0.022396538
131.223614 0.0260070956
131.243678 0.0300604022
131.263741 0.034585152
131.283805 0.0396074206
131.303868 0.0451497554
131.323932 0.0512302191
131.343995 0.0578614076
131.364058 0.0650494677
131.384122 0.0727931428
131.404185 0.0810828798
131.424249 0.0899000291
131.444312 0.0992161734
131.464376 0.108992619
131.484439 0.119180083
131.504503 0.129718601
131.524566 0.140537691
131.54463 0.151556777
131.564693 0.162685897
131.584756 0.173826689
131.60482 0.184873656
131.624883 0.195715688
131.644947 0.20623782
131.66501 0.21632319
131.685074 0.225855145
131.705137 0.234719461
131.725201 0.242806606
131.745264 0.250013981
131.765328 0.256248095
131.785391 0.261426589
131.805454 0.265480062
131.825518 0.26835364
131.845581 0.270008239
131.865645 0.270421486
131.885708 0.269588264
131.905772 0.267520875
131.925835 0.264248809
131.945899 0.259818134
131.965962 0.254290525
131.986026 0.247741975
132.006089 0.240261215
132.026152 0.231947922
132.046216 0.222910745
132.066279 0.213265239
132.086343 0.203131751
132.106406 0.192633336
132.12647 0.181893761
132.146533 0.171035648
132.166597 0.160178807
132.18666 0.149438803
132.206724 0.138925782
132.226787 0.12874357
132.24685 0.118989062
132.266914 0.109751891
132.286977 0.101114365
132.307041 0.0931516431
132.327104 0.0859321254
132.347168 0.0795180094
132.367231 0.0739659715
132.387295 0.0693279222
132.407358 0.0656517828
132.427422 0.0629822332
132.447485 0.0613613793
132.467548 0.0608292931
132.487612 0.0614243848
132.507675 0.0631835709
132.527739 0.0661422116
132.547802 0.0703337999
132.567866 0.0757893946
132.587929 0.0825368014
132.607993 0.0905995151
132.628056 0.099995451
132.64812 0.110735501
132.668183 0.122821963
132.688246 0.136246897
132.70831 0.150990482
132.728373 0.167019428
132.748437 0.184285535
132.7685 0.202724457
132.788564 0.222254765
132.808627 0.242777349
132.828691 0.264175253
132.848754 0.286313959
132.868818 0.309042186
132.888881 0.332193197
132.908944 0.355586638
132.929008 0.379030874
132.949071 0.402325791
132.969135 0.425266004
132.989198 0.447644394
133.009262 0.469255883
133.029325 0.48990133
133.049389 0.50939144
133.069452 0.527550555
133.089516 0.544220207
133.109579 0.559262311
133.129642 0.572561875
133.149706 0.584029154
133.169769 0.593601138
133.189833 0.601242347
133.209896 0.606944881
133.22996 0.610727726
133.250023 0.612635348
133.270087 0.612735617
133.29015 0.61111714
133.310214 0.607886105
133.330277 0.603162748
133.35034 0.597077576
133.370404 0.589767493
133.390467 0.581371951
133.410531 0.572029279
133.430594 0.561873311
133.450658 0.551030425
133.470721 0.53961708
133.490785 0.527737933
133.510848 0.515484571
133.530912 0.502934869
133.550975 0.490152986
133.571038 0.477189943
133.591102 0.464084736
133.611165 0.450865912
133.631229 0.437553506
133.651292 0.424161241
133.671356 0.410698884
133.691419 0.397174647
133.711483 0.383597529
133.731546 0.369979488
133.75161 0.356337381
133.771673 0.342694572
133.791736 0.329082178
133.8118 0.315539888
133.831863 0.302116363
133.851927 0.288869189
133.87199 0.275864416
133.892054 0.263175693
133.912117 0.250883057
133.932181 0.239071413
133.952244 0.227828765
133.972308 0.217244263
133.992371 0.207406121
134.012434 0.198399481
134.032498 0.190304273
134.052561 0.183193131
134.072625 0.177129423
134.092688 0.172165433
134.112752 0.168340744
134.132815 0.165680854
134.152879 0.164196055
134.172942 0.163880595
134.193006 0.164712145
134.213069 0.166651587
134.233132 0.169643116
134.253196 0.173614681
134.273259 0.178478737
134.293323 0.18413332
134.313386 0.190463426
134.33345 0.197342663
134.353513 0.204635169
134.373577 0.212197755
134.39364 0.219882236
134.413704 0.227537904
134.433767 0.235014104
134.45383 0.242162852
134.473894 0.248841439
134.493957 0.254914964
134.514021 0.26025874
134.534084 0.264760505
134.554148 0.268322392
134.574211 0.270862605
134.594275 0.272316758
134.614338 0.272638837
134.634402 0.271801766
134.654465 0.26979757
134.674528 0.26663711
134.694592 0.262349427
134.714655 0.256980701
134.734719 0.250592861
134.754782 0.243261888
134.774846 0.23507587
134.794909 0.226132855
134.814973 0.216538575
134.835036 0.206404092
134.8551 0.195843449
134.875163 0.184971372
134.895226 0.173901078
134.91529 0.162742266
134.935353 0.151599294
134.955417 0.140569611
134.97548 0.129742454
134.995544 0.119197825
135.015607 0.109005755
135.035671 0.0992258541
135.055734 0.0899071303
135.075798 0.0810880648
135.095861 0.0727969112
135.115924 0.0650521938
135.135988 0.0578633707
135.156051 0.0512316261
135.176115 0.0451507592
135.196178 0.0396081335
135.216242 0.0345856559
135.236305 0.0300607567
135.256369 0.0260073439
135.276432 0.0223967111
135.296496 0.0191983814
135.316559 0.0163808741
135.336622 0.0139123853
135.356686 0.011761377
135.376749 0.00989707319
135.396813 0.00828986412
135.416876 0.00691162321
135.43694 0.00573594132
135.457003 0.00473828678
135.477067 0.00389609894
135.49713 0.00318882436
135.517194 0.00259790463
135.537257 0.00210672472
135.55732 0.00170053023
135.577384 0.00136632149
135.597447 0.00109273139
135.617511 0.000869893148
135.637574 0.000689303329
135.657638 0.000543684329
135.677701 0.000426849941
135.697765 0.000333576623
135.717828 0.000259482432
135.737892 0.000200914964
135.757955 0.000154849062
135.778018 0.000118794639
135.798082 9.07145763e-05
