# fraction_pct mean ci_low ci_high
0.000000 0.000000 0.000000 0.000000
1.010101 0.000000 0.000000 0.000000
2.020202 0.000000 0.000000 0.000000
3.030303 0.000000 0.000000 0.000000
4.040404 0.000000 0.000000 0.000000
5.050505 0.000000 0.000000 0.000000
6.060606 0.000000 0.000000 0.000000
7.070707 0.000000 0.000000 0.000000
8.080808 0.000000 0.000000 0.000000
9.090909 0.153237 0.103924 0.202549
10.101010 0.534958 0.364373 0.705543
11.111111 3.147873 3.062700 3.233045
12.121212 3.966849 3.857394 4.076304
13.131313 4.750186 4.577961 4.922411
14.141414 5.126510 4.344059 5.908962
15.151515 5.406725 4.181616 6.631835
16.161616 5.486966 4.199369 6.774564
17.171717 5.583047 4.145944 7.020150
18.181818 5.755242 4.284429 7.226054
19.191919 5.784517 4.283670 7.285363
20.202020 5.997474 4.465269 7.529679
21.212121 6.314199 4.863536 7.764861
22.222222 6.637050 5.431616 7.842484
23.232323 6.998343 5.919136 8.077549
24.242424 7.194419 6.260837 8.128000
25.252525 7.341081 6.365259 8.316902
26.262626 7.488096 6.578355 8.397838
27.272727 7.352242 6.616895 8.087589
28.282828 7.452288 6.883907 8.020669
29.292929 7.253407 6.434144 8.072669
30.303030 7.073051 6.461572 7.684529
31.313131 6.843057 5.796515 7.889600
32.323232 7.035636 6.068874 8.002397
33.333333 7.082947 6.124152 8.041742
34.343434 6.835862 5.361593 8.310130
35.353535 6.816919 4.986677 8.647162
36.363636 6.527660 4.482217 8.573104
37.373737 6.469882 4.371111 8.568653
38.383838 5.786651 3.210463 8.362840
39.393939 5.037866 3.494735 6.580996
40.404040 4.420737 3.952701 4.888772
41.414141 4.124578 4.044294 4.204862
42.424242 4.155030 4.055955 4.254105
43.434343 4.181804 4.087010 4.276597
44.444444 4.205264 4.129977 4.280551
45.454545 4.209956 4.131631 4.288280
46.464646 4.209956 4.131631 4.288280
47.474747 4.209956 4.131631 4.288280
48.484848 4.209956 4.131631 4.288280
49.494949 4.241420 4.220837 4.262004
50.505051 4.249425 4.249419 4.249431
51.515152 4.249425 4.249419 4.249431
52.525253 4.249425 4.249419 4.249431
53.535354 4.280027 4.211368 4.348686
54.545455 4.322286 4.205076 4.439497
55.555556 4.350519 4.191358 4.509680
56.565657 4.359226 4.207819 4.510633
57.575758 4.411541 4.292488 4.530594
58.585859 4.411541 4.292488 4.530594
59.595960 4.411541 4.292488 4.530594
60.606061 4.411541 4.292488 4.530594
61.616162 4.411541 4.292488 4.530594
62.626263 4.460583 4.385763 4.535403
63.636364 4.490816 4.365141 4.616492
64.646465 4.461624 4.385807 4.537440
65.656566 4.487489 4.394960 4.580018
66.666667 4.513400 4.410138 4.616663
67.676768 4.484213 4.431305 4.537121
68.686869 4.484213 4.431305 4.537121
69.696970 4.484213 4.431305 4.537121
70.707071 4.484213 4.431305 4.537121
71.717172 4.504241 4.500966 4.507515
72.727273 4.518507 4.479737 4.557276
73.737374 4.518507 4.479737 4.557276
74.747475 4.538074 4.480515 4.595633
75.757576 4.568084 4.461701 4.674468
76.767677 4.529875 4.460205 4.599546
77.777778 4.519421 4.478213 4.560629
78.787879 4.549666 4.472081 4.627251
79.797980 4.549666 4.472081 4.627251
80.808081 4.568229 4.493833 4.642625
81.818182 4.539967 4.464045 4.615890
82.828283 4.608671 4.438544 4.778797
83.838384 4.524788 4.424366 4.625210
84.848485 4.557892 4.430534 4.685251
85.858586 4.517149 4.413583 4.620716
86.868687 4.518946 4.416448 4.621443
87.878788 4.553206 4.432909 4.673503
88.888889 4.496689 4.381027 4.612351
89.898990 4.497389 4.382378 4.612400
90.909091 4.489021 4.377044 4.600998
91.919192 4.485028 4.385866 4.584190
92.929293 4.460950 4.387868 4.534031
93.939394 4.459082 4.383021 4.535143
94.949495 4.450717 4.380049 4.521385
95.959596 4.383885 4.380741 4.387028
96.969697 4.389359 4.376977 4.401740
97.979798 4.001550 3.340485 4.662615
98.989899 2.433764 0.000000 4.897936
100.000000 0.132263 0.132233 0.132294
