# fraction_pct mean ci_low ci_high
0.000000 0.002480 0.001276 0.003685
1.010101 2.074790 0.742798 3.406781
2.020202 4.117108 2.496829 5.737388
3.030303 7.110003 6.353469 7.866538
4.040404 8.781857 8.747152 8.816561
5.050505 9.135888 9.086828 9.184947
6.060606 9.637631 9.566186 9.709077
7.070707 10.244498 10.178574 10.310422
8.080808 10.929143 10.854986 11.003300
9.090909 11.621167 11.557357 11.684977
10.101010 12.190181 12.090557 12.289804
11.111111 12.268231 12.198144 12.338319
12.121212 12.269310 12.199730 12.338890
13.131313 12.269935 12.199880 12.339990
14.141414 12.272346 12.199867 12.344825
15.151515 12.274654 12.200904 12.348403
16.161616 12.275228 12.202207 12.348249
17.171717 12.276127 12.203498 12.348756
18.181818 12.277489 12.204805 12.350172
19.191919 12.277633 12.205121 12.350146
20.202020 12.279891 12.206068 12.353715
21.212121 12.283343 12.206875 12.359812
22.222222 12.286210 12.211230 12.361190
23.232323 12.290704 12.214626 12.366781
24.242424 12.293384 12.218558 12.368210
25.252525 12.295833 12.219943 12.371723
26.262626 12.297618 12.221050 12.374187
27.272727 12.299901 12.224675 12.375127
28.282828 12.302612 12.228233 12.376991
29.292929 12.303881 12.228792 12.378970
30.303030 12.308491 12.232226 12.384756
31.313131 12.309025 12.233095 12.384954
32.323232 12.311310 12.235455 12.387166
33.333333 12.312032 12.235668 12.388397
34.343434 12.312511 12.236626 12.388397
35.353535 12.313881 12.237359 12.390403
36.363636 12.315882 12.240337 12.391428
37.373737 12.317753 12.243316 12.392190
38.383838 12.324973 12.249387 12.400560
39.393939 12.331884 12.252334 12.411434
40.404040 12.338460 12.260860 12.416060
41.414141 12.347398 12.270626 12.424169
42.424242 12.355372 12.282140 12.428603
43.434343 12.361578 12.289577 12.433579
44.444444 12.363441 12.289714 12.437168
45.454545 12.365341 12.290933 12.439750
46.464646 12.365453 12.291186 12.439720
47.474747 12.365625 12.291246 12.440004
48.484848 12.365724 12.291468 12.439979
49.494949 12.366779 12.294234 12.439325
50.505051 12.367862 12.294588 12.441137
51.515152 12.368271 12.295049 12.441492
52.525253 12.368826 12.295600 12.442053
53.535354 12.374577 12.296592 12.452563
54.545455 12.378187 12.300498 12.455876
55.555556 12.381564 12.304932 12.458195
56.565657 12.384675 12.306014 12.463336
57.575758 12.389010 12.308925 12.469095
58.585859 12.389026 12.308914 12.469138
59.595960 12.389037 12.308917 12.469158
60.606061 12.389037 12.308917 12.469158
61.616162 12.389040 12.308922 12.469157
62.626263 12.395627 12.320608 12.470646
63.636364 12.396077 12.320298 12.471857
64.646465 12.396504 12.320292 12.472716
65.656566 12.398916 12.323723 12.474109
66.666667 12.399925 12.326186 12.473665
67.676768 12.400154 12.326652 12.473657
68.686869 12.400349 12.326911 12.473788
69.696970 12.400390 12.327001 12.473778
70.707071 12.400392 12.327006 12.473778
71.717172 12.401703 12.330443 12.472962
72.727273 12.403218 12.329337 12.477099
73.737374 12.403225 12.329349 12.477100
74.747475 12.403869 12.330690 12.477049
75.757576 12.403851 12.330606 12.477096
76.767677 12.404020 12.330984 12.477055
77.777778 12.406643 12.331139 12.482148
78.787879 12.407430 12.331998 12.482861
79.797980 12.407683 12.332428 12.482938
80.808081 12.407849 12.332801 12.482898
81.818182 12.408742 12.333451 12.484032
82.828283 12.408891 12.333484 12.484299
83.838384 12.408879 12.333349 12.484410
84.848485 12.408822 12.333231 12.484414
85.858586 12.408911 12.333435 12.484387
86.868687 12.409316 12.334338 12.484293
87.878788 12.408948 12.333525 12.484371
88.888889 12.409357 12.333818 12.484896
89.898990 12.409242 12.333577 12.484907
90.909091 12.410822 12.335393 12.486252
91.919192 12.411268 12.336034 12.486502
92.929293 12.411549 12.336739 12.486358
93.939394 12.412439 12.338370 12.486509
94.949495 12.414406 12.339772 12.489040
95.959596 12.416978 12.344063 12.489893
96.969697 12.419878 12.347024 12.492731
97.979798 12.419479 12.344490 12.494468
98.989899 11.077863 8.889676 13.266051
100.000000 0.000000 0.000000 0.000000
