# time_s density
59.1942064 5.93659525e-05
59.216985 7.12752295e-05
59.2397635 8.54019654e-05
59.2625421 0.000102123473
59.2853207 0.000121874311
59.3080992 0.00014515369
59.3308778 0.000172533618
59.3536564 0.000204667816
59.3764349 0.000242301443
59.3992135 0.000286281651
59.421992 0.000337568995
59.4447706 0.000397249695
59.4675492 0.000466548772
59.4903277 0.000546844009
59.5131063 0.000639680746
59.5358849 0.000746787435
59.5586634 0.000870091899
59.581442 0.00101173821
59.6042205 0.00117410408
59.6269991 0.00135981859
59.6497777 0.00157178022
59.6725562 0.00181317476
59.6953348 0.00208749315
59.7181134 0.00239854877
59.7408919 0.00275049408
59.7636705 0.00314783613
59.786449 0.00359545073
59.8092276 0.00409859485
59.8320062 0.0046629168
59.8547847 0.00529446391
59.8775633 0.00599968708
59.9003418 0.00678544191
59.9231204 0.00765898581
59.945899 0.00862797074
59.9686775 0.00970043093
59.9914561 0.0108847653
60.0142347 0.0121897143
60.0370132 0.01362433
60.0597918 0.01519794
60.0825703 0.0169201049
60.1053489 0.0188005676
60.1281275 0.020849196
60.150906 0.0230759188
60.1736846 0.0254906529
60.1964632 0.0281032242
60.2192417 0.0309232819
60.2420203 0.0339602052
60.2647988 0.0372230051
60.2875774 0.0407202201
60.310356 0.0444598073
60.3331345 0.0484490308
60.3559131 0.0526943463
60.3786917 0.0572012857
60.4014702 0.0619743408
60.4242488 0.067016849
60.4470273 0.0723308827
60.4698059 0.0779171424
60.4925845 0.0837748573
60.515363 0.0899016946
60.5381416 0.0962936776
60.5609202 0.102945118
60.5836987 0.109848559
60.6064773 0.116994737
60.6292558 0.12437256
60.6520344 0.131969102
60.674813 0.139769619
60.6975915 0.147757584
60.7203701 0.155914751
60.7431487 0.164221228
60.7659272 0.172655585
60.7887058 0.181194977
60.8114843 0.189815294
60.8342629 0.198491322
60.8570415 0.207196942
60.87982 0.215905326
60.9025986 0.224589166
60.9253772 0.23322091
60.9481557 0.241773013
60.9709343 0.250218191
60.9937128 0.258529687
61.0164914 0.266681539
61.03927 0.27464884
61.0620485 0.282408005
61.0848271 0.289937013
61.1076057 0.297215655
61.1303842 0.304225749
61.1531628 0.310951348
61.1759413 0.317378917
61.1987199 0.323497482
61.2214985 0.329298761
61.244277 0.334777248
61.2670556 0.339930271
61.2898342 0.344758018
61.3126127 0.349263514
61.3353913 0.353452571
61.3581698 0.357333699
61.3809484 0.360917973
61.403727 0.364218875
61.4265055 0.36725209
61.4492841 0.370035282
61.4720627 0.372587837
61.4948412 0.374930575
61.5176198 0.377085449
61.5403983 0.379075225
61.5631769 0.380923147
61.5859555 0.382652595
61.608734 0.384286747
61.6315126 0.385848233
61.6542911 0.387358806
61.6770697 0.388839022
61.6998483 0.390307941
61.7226268 0.391782846
61.7454054 0.393278992
61.768184 0.394809387
61.7909625 0.396384605
61.8137411 0.398012632
61.8365196 0.399698762
61.8592982 0.40144552
61.8820768 0.403252636
61.9048553 0.405117057
61.9276339 0.407032998
61.9504125 0.408992034
61.973191 0.410983231
61.9959696 0.412993309
62.0187481 0.415006838
62.0415267 0.417006465
62.0643053 0.418973157
62.0870838 0.420886476
62.1098624 0.422724858
62.132641 0.424465907
62.1554195 0.426086697
62.1781981 0.427564072
62.2009766 0.428874938
62.2237552 0.429996556
62.2465338 0.430906816
62.2693123 0.431584493
62.2920909 0.43200949
62.3148695 0.432163049
62.337648 0.432027947
62.3604266 0.431588654
62.3832051 0.430831474
62.4059837 0.429744647
62.4287623 0.428318426
62.4515408 0.426545129
62.4743194 0.424419153
62.497098 0.421936971
62.5198765 0.4190971
62.5426551 0.415900048
62.5654336 0.412348236
62.5882122 0.408445911
62.6109908 0.404199036
62.6337693 0.399615171
62.6565479 0.394703351
62.6793265 0.389473945
62.702105 0.383938524
62.7248836 0.378109725
62.7476621 0.372001109
62.7704407 0.365627036
62.7932193 0.359002533
62.8159978 0.352143176
62.8387764 0.34506498
62.861555 0.337784294
62.8843335 0.330317712
62.9071121 0.322681984
62.9298906 0.314893947
62.9526692 0.306970458
62.9754478 0.298928339
62.9982263 0.290784331
63.0210049 0.282555051
63.0437835 0.274256956
63.066562 0.265906317
63.0893406 0.257519191
63.1121191 0.249111397
63.1348977 0.240698495
63.1576763 0.232295763
63.1804548 0.223918181
63.2032334 0.215580403
63.2260119 0.207296737
63.2487905 0.199081119
63.2715691 0.190947085
63.2943476 0.18290774
63.3171262 0.174975731
63.3399048 0.167163206
63.3626833 0.159481786
63.3854619 0.151942526
63.4082404 0.144555875
63.431019 0.137331644
63.4537976 0.130278971
63.4765761 0.123406282
63.4993547 0.116721263
63.5221333 0.110230832
63.5449118 0.103941114
63.5676904 0.0978574169
63.5904689 0.091984222
63.6132475 0.0863251697
63.6360261 0.0808830568
63.6588046 0.0756598378
63.6815832 0.0706566328
63.7043618 0.065873741
63.7271403 0.0613106612
63.7499189 0.0569661165
63.7726974 0.0528380861
63.795476 0.0489238417
63.8182546 0.0452199877
63.8410331 0.0417225067
63.8638117 0.038426808
63.8865903 0.0353277788
63.9093688 0.0324198379
63.9321474 0.0296969908
63.9549259 0.0271528859
63.9777045 0.0247808706
64.0004831 0.0225740471
64.0232616 0.0205253277
64.0460402 0.0186274878
64.0688188 0.0168732174
64.0915973 0.0152551697
64.1143759 0.0137660075
64.1371544 0.0123984459
64.159933 0.0111452916
64.1827116 0.00999947879
64.2054901 0.0089541014
64.2282687 0.00800244123
64.2510473 0.00713799257
64.2738258 0.00635448288
64.2966044 0.00564588993
64.3193829 0.00500645535
64.3421615 0.00443069474
64.3649401 0.00391340478
64.3877186 0.00344966716
64.4104972 0.00303485001
64.4332758 0.0026646067
64.4560543 0.00233487251
64.4788329 0.00204185934
64.5016114 0.00178204869
64.52439 0.00155218326
64.5471686 0.00134925729
64.5699471 0.00117050598
64.5927257 0.00101339416
64.6155043 0.000875604383
64.6382828 0.000755024709
64.6610614 0.000649736265
64.6838399 0.000558000782
64.7066185 0.000478248231
64.7293971 0.000409064657
64.7521756 0.000349180328
64.7749542 0.000297458275
64.7977328 0.000252883275
64.8205113 0.000214551353
64.8432899 0.000181659819
64.8660684 0.000153497877
64.888847 0.000129437818
64.9116256 0.000108926809
64.9344041 9.14792651e-05
64.9571827 7.66698076e-05
64.9799612 6.41267835e-05
65.0027398 5.35263341e-05
