# fraction_pct mean ci_low ci_high
0.000000 0.000000 0.000000 0.000000
1.010101 0.020475 0.006348 0.034602
2.020202 0.032623 0.032623 0.032624
3.030303 0.032623 0.032623 0.032624
4.040404 0.032623 0.032623 0.032624
5.050505 0.032623 0.032623 0.032624
6.060606 0.032623 0.032623 0.032624
7.070707 0.032623 0.032623 0.032624
8.080808 0.032623 0.032623 0.032624
9.090909 0.032623 0.032623 0.032624
10.101010 0.032623 0.032623 0.032624
11.111111 0.099965 0.000000 0.207437
12.121212 0.182178 0.012720 0.351635
13.131313 0.233151 0.083190 0.383112
14.141414 0.293178 0.123429 0.462926
15.151515 0.334617 0.237911 0.431322
16.161616 0.370557 0.366254 0.374860
17.171717 0.372231 0.372230 0.372231
18.181818 0.373399 0.370394 0.376404
19.191919 0.372699 0.371495 0.373902
20.202020 0.372699 0.371495 0.373902
21.212121 0.376055 0.371972 0.380138
22.222222 0.372273 0.369084 0.375463
23.232323 0.374008 0.370860 0.377156
24.242424 0.374908 0.372077 0.377739
25.252525 0.372822 0.363088 0.382556
26.262626 0.372162 0.362856 0.381468
27.272727 0.372859 0.365175 0.380543
28.282828 0.372578 0.358992 0.386164
29.292929 0.369234 0.359285 0.379182
30.303030 0.368423 0.356493 0.380353
31.313131 0.367674 0.353888 0.381461
32.323232 0.367660 0.353837 0.381483
33.333333 0.368423 0.353246 0.383600
34.343434 0.368741 0.353307 0.384175
35.353535 0.368741 0.353307 0.384175
36.363636 0.366979 0.352942 0.381016
37.373737 0.368139 0.352809 0.383468
38.383838 0.369408 0.352992 0.385824
39.393939 0.366898 0.349937 0.383859
40.404040 0.364108 0.349182 0.379033
41.414141 0.362216 0.350410 0.374023
42.424242 0.363725 0.351185 0.376266
43.434343 0.360774 0.348012 0.373537
44.444444 0.357066 0.347772 0.366361
45.454545 0.356448 0.346595 0.366301
46.464646 0.356758 0.346217 0.367299
47.474747 0.355688 0.345260 0.366116
48.484848 0.355278 0.344279 0.366277
49.494949 0.352752 0.342650 0.362854
50.505051 0.352372 0.342023 0.362721
51.515152 0.352925 0.342477 0.363373
52.525253 0.352997 0.339801 0.366193
53.535354 0.352080 0.338548 0.365612
54.545455 0.349092 0.342470 0.355714
55.555556 0.349108 0.342451 0.355765
56.565657 0.349048 0.341069 0.357026
57.575758 0.348565 0.342125 0.355006
58.585859 0.347042 0.343539 0.350545
59.595960 0.347555 0.342914 0.352195
60.606061 0.346338 0.344315 0.348361
61.616162 0.346614 0.344004 0.349224
62.626263 0.346193 0.344444 0.347941
63.636364 0.346195 0.344447 0.347942
64.646465 0.346149 0.344380 0.347918
65.656566 0.345879 0.344837 0.346920
66.666667 0.345853 0.344798 0.346907
67.676768 0.345859 0.344808 0.346910
68.686869 0.345967 0.344592 0.347342
69.696970 0.345971 0.344598 0.347344
70.707071 0.345674 0.345040 0.346308
71.717172 0.345507 0.345309 0.345705
72.727273 0.345430 0.345403 0.345457
73.737374 0.345419 0.345407 0.345432
74.747475 0.345417 0.345408 0.345427
75.757576 0.345417 0.345409 0.345425
76.767677 0.345413 0.345406 0.345421
77.777778 0.345412 0.345406 0.345418
78.787879 0.345411 0.345408 0.345415
79.797980 0.345411 0.345407 0.345414
80.808081 0.345411 0.345407 0.345415
81.818182 0.345411 0.345407 0.345415
82.828283 0.345410 0.345406 0.345414
83.838384 0.345410 0.345406 0.345414
84.848485 0.345410 0.345406 0.345414
85.858586 0.345410 0.345406 0.345414
86.868687 0.345409 0.345405 0.345413
87.878788 0.345409 0.345404 0.345413
88.888889 0.345409 0.345405 0.345414
89.898990 0.345408 0.345404 0.345412
90.909091 0.345408 0.345404 0.345413
91.919192 0.345409 0.345405 0.345413
92.929293 0.345408 0.345404 0.345413
93.939394 0.345408 0.345404 0.345412
94.949495 0.345408 0.345405 0.345411
95.959596 0.345406 0.345404 0.345408
96.969697 0.234957 0.052883 0.417031
97.979798 0.033177 0.000000 0.081071
98.989899 0.002900 0.002900 0.002901
100.000000 0.002900 0.002900 0.002901
