# fraction_pct mean ci_low ci_high
0.000000 0.085225 0.000000 0.207236
1.010101 0.404892 0.203582 0.606202
2.020202 0.651792 0.445443 0.858140
3.030303 0.949079 0.938211 0.959948
4.040404 1.508887 1.448016 1.569759
5.050505 1.660699 1.648179 1.673219
6.060606 2.100476 1.800266 2.400686
7.070707 2.724494 2.671693 2.777294
8.080808 2.779089 2.742222 2.815957
9.090909 2.800694 2.759869 2.841519
10.101010 2.826629 2.795321 2.857936
11.111111 2.870922 2.826364 2.915481
12.121212 2.894035 2.855673 2.932397
13.131313 2.896357 2.857632 2.935082
14.141414 2.903475 2.860616 2.946335
15.151515 2.926712 2.910017 2.943407
16.161616 2.931553 2.912952 2.950153
17.171717 2.939651 2.921305 2.957996
18.181818 2.950080 2.921371 2.978790
19.191919 2.962572 2.930120 2.995024
20.202020 2.967931 2.938016 2.997845
21.212121 2.975417 2.954852 2.995982
22.222222 2.978108 2.959292 2.996924
23.232323 2.982126 2.959077 3.005175
24.242424 2.982578 2.959624 3.005532
25.252525 2.983764 2.959228 3.008301
26.262626 2.983988 2.959460 3.008517
27.272727 2.985381 2.960711 3.010050
28.282828 2.986202 2.962713 3.009692
29.292929 2.986859 2.963874 3.009845
30.303030 2.988938 2.963651 3.014224
31.313131 2.990102 2.964778 3.015426
32.323232 2.990134 2.964854 3.015414
33.333333 2.992787 2.969735 3.015839
34.343434 2.993761 2.970715 3.016806
35.353535 2.993786 2.970738 3.016834
36.363636 2.994715 2.971652 3.017777
37.373737 2.995220 2.971313 3.019126
38.383838 2.996040 2.973070 3.019010
39.393939 2.996342 2.973383 3.019301
40.404040 2.998126 2.973665 3.022586
41.414141 2.998600 2.973817 3.023382
42.424242 2.999156 2.975349 3.022962
43.434343 2.999407 2.975708 3.023107
44.444444 3.000746 2.977022 3.024471
45.454545 3.001081 2.978045 3.024117
46.464646 3.002179 2.977956 3.026402
47.474747 3.003206 2.978989 3.027422
48.484848 3.003356 2.979348 3.027363
49.494949 3.003883 2.980042 3.027725
50.505051 3.004461 2.979650 3.029273
51.515152 3.005934 2.982494 3.029374
52.525253 3.006832 2.982661 3.031003
53.535354 3.007761 2.983851 3.031672
54.545455 3.008838 2.985257 3.032420
55.555556 3.009433 2.985028 3.033838
56.565657 3.010452 2.985173 3.035732
57.575758 3.010793 2.985888 3.035699
58.585859 3.011818 2.987079 3.036557
59.595960 3.012165 2.987052 3.037277
60.606061 3.012178 2.987055 3.037301
61.616162 3.012953 2.989167 3.036740
62.626263 3.012956 2.989169 3.036744
63.636364 3.012988 2.989183 3.036793
64.646465 3.012995 2.989189 3.036801
65.656566 3.012999 2.989192 3.036807
66.666667 3.013038 2.989227 3.036850
67.676768 3.013038 2.989227 3.036850
68.686869 3.013228 2.989124 3.037331
69.696970 3.013232 2.989128 3.037336
70.707071 3.013236 2.989128 3.037343
71.717172 3.013273 2.989124 3.037421
72.727273 3.013971 2.989336 3.038605
73.737374 3.014717 2.991069 3.038364
74.747475 3.015953 2.991195 3.040711
75.757576 3.017216 2.994308 3.040125
76.767677 3.017943 2.994841 3.041044
77.777778 3.017969 2.994920 3.041017
78.787879 3.019160 2.997867 3.040453
79.797980 3.021257 2.997029 3.045484
80.808081 3.021536 2.997232 3.045839
81.818182 3.024952 3.000153 3.049750
82.828283 3.025488 2.999751 3.051225
83.838384 3.025489 2.999752 3.051227
84.848485 3.030645 3.003409 3.057880
85.858586 3.030671 3.003393 3.057949
86.868687 3.032831 3.009118 3.056543
87.878788 3.033931 3.010102 3.057761
88.888889 3.036586 3.013570 3.059601
89.898990 3.037339 3.013775 3.060903
90.909091 3.038877 3.017356 3.060398
91.919192 3.041186 3.018099 3.064274
92.929293 3.042010 3.018385 3.065634
93.939394 3.053443 3.032215 3.074672
94.949495 3.055269 3.031985 3.078552
95.959596 3.058683 3.035917 3.081449
96.969697 2.973361 2.746492 3.200230
97.979798 0.269996 0.000000 0.697036
98.989899 0.000000 0.000000 0.000000
100.000000 0.000000 0.000000 0.000000
