# time_s density
9.08703327 0.00177160683
9.09191484 0.00612322528
9.09679641 0.0190658271
9.10167798 0.0534802692
9.10655956 0.135143151
9.11144113 0.307650069
9.1163227 0.630931942
9.12120427 1.16565635
9.12608584 1.94008642
9.13096741 2.9089358
9.13584899 3.92925053
9.14073056 4.78132015
9.14561213 5.24141384
9.1504937 5.17620655
9.15537527 4.60508093
9.16025685 3.69084202
9.16513842 2.66487086
9.17001999 1.73336252
9.17490156 1.0156993
9.17978313 0.536171136
9.1846647 0.254978891
9.18954628 0.109236442
9.19442785 0.0421592994
9.19930942 0.0146582372
9.20419099 0.00459126783
9.20907256 0.0012955257
9.21395414 0.000329322919
9.21883571 7.54154631e-05
9.22371728 1.55582724e-05
9.22859885 2.89151106e-06
9.23348042 4.84117597e-07
9.23836199 7.30195917e-08
9.24324357 9.92179965e-09
9.24812514 1.2145182e-09
9.25300671 1.33930695e-10
9.25788828 1.33051183e-11
9.26276985 1.19074805e-12
9.26765142 9.60027198e-14
9.272533 6.97284029e-15
9.27741457 4.56245317e-16
9.28229614 2.68936435e-17
9.28717771 1.42811568e-18
9.29205928 6.83187096e-20
9.29694086 2.94427548e-21
9.30182243 1.14308823e-22
9.306704 3.99800729e-24
9.31158557 1.25970813e-25
9.31646714 3.57568132e-27
9.32134871 9.14345223e-29
9.32623029 2.10631886e-30
9.33111186 4.37119875e-32
9.33599343 8.17220987e-34
9.340875 1.37638836e-35
9.34575657 2.0883582e-37
9.35063814 2.85450964e-39
9.35551972 3.51496138e-41
9.36040129 3.89916957e-43
9.36528286 3.89660344e-45
9.37016443 3.50802611e-47
9.375046 2.84512889e-49
9.37992758 2.07875638e-51
9.38480915 1.36825728e-53
9.38969072 8.11324257e-56
9.39457229 4.33394779e-58
9.39945386 2.0856211e-60
9.40433543 9.04169115e-63
9.40921701 3.53128597e-65
9.41409858 2.88703225e-67
9.41898015 4.65158864e-65
9.42386172 1.18523141e-62
9.42874329 2.72071763e-60
9.43362486 5.62652281e-58
9.43850644 1.04827367e-55
9.44338801 1.75949946e-53
9.44826958 2.66063676e-51
9.45315115 3.62465271e-49
9.45803272 4.44871154e-47
9.4629143 4.9191731e-45
9.46779587 4.90053308e-43
9.47267744 4.39836893e-41
9.47755901 3.55665131e-39
9.48244058 2.59117611e-37
9.48732215 1.70084146e-35
9.49220373 1.00588396e-33
9.4970853 5.35988727e-32
9.50196687 2.57332416e-30
9.50684844 1.11319852e-28
9.51173001 4.33909517e-27
9.51661158 1.52399795e-25
9.52149316 4.8232483e-24
9.52637473 1.37555372e-22
9.5312563 3.53518605e-21
9.53613787 8.18765288e-20
9.54101944 1.70897752e-18
9.54590102 3.21486153e-17
9.55078259 5.45077726e-16
9.55566416 8.33006298e-15
9.56054573 1.14751307e-13
9.5654273 1.42500001e-12
9.57030887 1.59533193e-11
9.57519045 1.6102755e-10
9.58007202 1.46554535e-09
9.58495359 1.20278634e-08
9.58983516 8.90248708e-08
9.59471673 5.94312337e-07
9.59959831 3.57889573e-06
9.60447988 1.94432204e-05
9.60936145 9.530811e-05
9.61424302 0.000421595135
9.61912459 0.00168318309
9.62400616 0.00606608376
9.62888774 0.019738083
9.63376931 0.057997526
9.63865088 0.153930992
9.64353245 0.369134357
9.64841402 0.800122471
9.65329559 1.56849654
9.65817717 2.78305629
9.66305874 4.47521886
9.66794031 6.53429726
9.67282188 8.68897725
9.67770345 10.570062
9.68258503 11.8401987
9.6874666 12.3209119
9.69234817 12.0379399
9.69722974 11.1618586
9.70211131 9.89828078
9.70699288 8.41050336
9.71187446 6.8137726
9.71675603 5.21213298
9.7216376 3.72187405
9.72651917 2.45535289
9.73140074 1.4842774
9.73628231 0.817350211
9.74116389 0.408374677
9.74604546 0.184642569
9.75092703 0.0754223739
9.7558086 0.0278037881
9.76069017 0.00924387786
9.76557175 0.00277057526
9.77045332 0.000748407408
9.77533489 0.000182174595
9.78021646 3.99553432e-05
9.78509803 7.89535171e-06
9.7899796 1.40559514e-06
9.79486118 2.25439606e-07
9.79974275 3.25742561e-08
9.80462432 4.24022376e-09
9.80950589 4.9724484e-10
9.81438746 5.25311982e-11
9.81926903 4.99952501e-12
9.82415061 4.28651066e-13
9.82903218 3.31087173e-14
9.83391375 2.30379489e-15
9.83879532 1.44413601e-16
9.84367689 8.15520907e-18
9.84855847 4.14882148e-19
9.85344004 1.90141536e-20
9.85832161 7.85040063e-22
9.86320318 2.91990819e-23
9.86808475 9.78383487e-25
9.87296632 2.95332721e-26
9.8778479 8.03112801e-28
9.88272947 1.9674516e-29
9.88761104 4.3420427e-31
9.89249261 8.63269997e-33
9.89737418 1.54618597e-34
9.90225576 2.49482064e-36
9.90713733 3.62643129e-38
9.9120189 4.74878052e-40
9.91690047 5.60205367e-42
9.92178204 5.95353559e-44
9.92666361 5.6998728e-46
9.93154519 4.91606815e-48
9.93642676 3.81973424e-50
9.94130833 2.6736892e-52
9.9461899 1.68597534e-54
9.95107147 9.57754132e-57
9.95595304 4.90139127e-59
9.96083462 2.25968151e-61
9.96571619 9.38507209e-64
9.97059776 3.51148255e-66
9.97547933 1.18360268e-68
9.9803609 3.59404809e-71
9.98524248 9.83227364e-74
9.99012405 3.13468825e-75
9.99500562 1.12442921e-72
9.99988719 3.93792615e-70
10.0047688 1.24241231e-67
10.0096503 3.53123358e-65
10.0145319 9.04169115e-63
10.0194135 2.0856211e-60
10.024295 4.33394779e-58
10.0291766 8.11324257e-56
10.0340582 1.36825728e-53
10.0389398 2.07875638e-51
10.0438213 2.84512889e-49
10.0487029 3.50802611e-47
10.0535845 3.89660344e-45
10.0584661 3.89916957e-43
10.0633476 3.51496138e-41
10.0682292 2.85450964e-39
10.0731108 2.0883582e-37
10.0779923 1.37638836e-35
10.0828739 8.17220987e-34
10.0877555 4.37119875e-32
10.0926371 2.10631886e-30
10.0975186 9.14345223e-29
10.1024002 3.57568132e-27
10.1072818 1.25970813e-25
10.1121633 3.99800729e-24
10.1170449 1.14308823e-22
10.1219265 2.94427548e-21
10.1268081 6.83187096e-20
10.1316896 1.42811568e-18
10.1365712 2.68936435e-17
10.1414528 4.56245317e-16
10.1463343 6.97284029e-15
10.1512159 9.60027198e-14
10.1560975 1.19074805e-12
10.1609791 1.33051183e-11
10.1658606 1.33930695e-10
10.1707422 1.2145182e-09
10.1756238 9.92179965e-09
10.1805053 7.30195917e-08
10.1853869 4.84117597e-07
10.1902685 2.89151106e-06
10.1951501 1.55582724e-05
10.2000316 7.54154631e-05
10.2049132 0.000329322919
10.2097948 0.0012955257
10.2146763 0.00459126783
10.2195579 0.0146582372
10.2244395 0.0421592994
10.2293211 0.109236442
10.2342026 0.254978891
10.2390842 0.536171136
10.2439658 1.0156993
10.2488474 1.73336252
10.2537289 2.66487086
10.2586105 3.69084202
10.2634921 4.60508093
10.2683736 5.17620655
10.2732552 5.24141384
10.2781368 4.78132015
10.2830184 3.92925053
10.2878999 2.9089358
10.2927815 1.94008642
10.2976631 1.16565635
10.3025446 0.630931942
10.3074262 0.307650069
10.3123078 0.135143151
10.3171894 0.0534802692
10.3220709 0.0190658271
10.3269525 0.00612322528
10.3318341 0.00177160683
