# fraction_pct mean ci_low ci_high
0.000000 0.000000 0.000000 0.000001
1.010101 0.000000 0.000000 0.000001
2.020202 0.000000 0.000000 0.000001
3.030303 0.000000 0.000000 0.000001
4.040404 0.000000 0.000000 0.000001
5.050505 0.000000 0.000000 0.000001
6.060606 0.000000 0.000000 0.000001
7.070707 0.000000 0.000000 0.000001
8.080808 0.000000 0.000000 0.000001
9.090909 0.000000 0.000000 0.000001
10.101010 0.004117 0.000000 0.013735
11.111111 0.019633 0.000000 0.042046
12.121212 0.039001 0.038916 0.039086
13.131313 0.039001 0.038916 0.039086
14.141414 0.039001 0.038916 0.039086
15.151515 0.039001 0.038916 0.039086
16.161616 0.039001 0.038916 0.039086
17.171717 0.039001 0.038916 0.039086
18.181818 0.039001 0.038916 0.039086
19.191919 0.039001 0.038916 0.039086
20.202020 0.039001 0.038916 0.039086
21.212121 0.039001 0.038916 0.039086
22.222222 0.039001 0.038916 0.039086
23.232323 0.039001 0.038916 0.039086
24.242424 0.039001 0.038916 0.039086
25.252525 0.039001 0.038916 0.039086
26.262626 0.039001 0.038916 0.039086
27.272727 0.039001 0.038916 0.039086
28.282828 0.039001 0.038916 0.039086
29.292929 0.039001 0.038916 0.039086
30.303030 0.039001 0.038916 0.039086
31.313131 0.054492 0.030169 0.078815
32.323232 0.079308 0.013986 0.144630
33.333333 0.098738 0.023007 0.174469
34.343434 0.108692 0.041858 0.175526
35.353535 0.117934 0.051728 0.184140
36.363636 0.139570 0.091537 0.187604
37.373737 0.153189 0.103625 0.202754
38.383838 0.162439 0.131645 0.193233
39.393939 0.172693 0.162245 0.183141
40.404040 0.172693 0.162245 0.183141
41.414141 0.172693 0.162245 0.183141
42.424242 0.172693 0.162245 0.183141
43.434343 0.176855 0.164034 0.189675
44.444444 0.176855 0.164034 0.189675
45.454545 0.180984 0.168232 0.193737
46.464646 0.180984 0.168232 0.193737
47.474747 0.180984 0.168232 0.193737
48.484848 0.186408 0.179004 0.193811
49.494949 0.189285 0.188870 0.189700
50.505051 0.189285 0.188870 0.189700
51.515152 0.189285 0.188870 0.189700
52.525253 0.189285 0.188870 0.189700
53.535354 0.189285 0.188870 0.189700
54.545455 0.189285 0.188870 0.189700
55.555556 0.189285 0.188870 0.189700
56.565657 0.189285 0.188870 0.189700
57.575758 0.178308 0.150088 0.206528
58.585859 0.180229 0.126851 0.233607
59.595960 0.154931 0.100759 0.209103
60.606061 0.156123 0.103772 0.208475
61.616162 0.156123 0.103772 0.208475
62.626263 0.156623 0.105000 0.208246
63.636364 0.156623 0.105000 0.208246
64.646465 0.158312 0.109462 0.207161
65.656566 0.158312 0.109462 0.207161
66.666667 0.158312 0.109462 0.207161
67.676768 0.158312 0.109462 0.207161
68.686869 0.158312 0.109462 0.207161
69.696970 0.158312 0.109462 0.207161
70.707071 0.160018 0.113725 0.206311
71.717172 0.151604 0.090647 0.212561
72.727273 0.152111 0.092156 0.212066
73.737374 0.145612 0.076758 0.214467
74.747475 0.145525 0.076535 0.214514
75.757576 0.145668 0.075016 0.216320
76.767677 0.145450 0.074437 0.216463
77.777778 0.126232 0.058514 0.193949
78.787879 0.126052 0.058107 0.193997
79.797980 0.125959 0.057896 0.194022
80.808081 0.125259 0.056281 0.194238
81.818182 0.124287 0.053981 0.194593
82.828283 0.121410 0.046823 0.195998
83.838384 0.121410 0.046823 0.195998
84.848485 0.132993 0.044044 0.221941
85.858586 0.087018 0.053605 0.120432
86.868687 0.081277 0.034453 0.128101
87.878788 0.081008 0.034113 0.127904
88.888889 0.082700 0.034286 0.131113
89.898990 0.082927 0.036081 0.129773
90.909091 0.083939 0.035933 0.131946
91.919192 0.083939 0.035933 0.131946
92.929293 0.081021 0.030591 0.131452
93.939394 0.046720 0.014201 0.079239
94.949495 0.018778 0.018703 0.018853
95.959596 0.018778 0.018703 0.018853
96.969697 0.018778 0.018703 0.018853
97.979798 0.006121 0.005047 0.007195
98.989899 0.005685 0.005623 0.005746
100.000000 0.005685 0.005623 0.005746
