# fraction_pct mean ci_low ci_high
0.000000 0.029401 0.000000 0.089953
1.010101 0.210993 0.157825 0.264162
2.020202 0.299031 0.265786 0.332276
3.030303 0.357854 0.334656 0.381052
4.040404 0.400037 0.372400 0.427674
5.050505 0.446613 0.436679 0.456547
6.060606 0.450783 0.441058 0.460508
7.070707 0.489604 0.432772 0.546436
8.080808 0.543270 0.495586 0.590953
9.090909 0.586927 0.577861 0.595992
10.101010 0.593800 0.585266 0.602333
11.111111 0.604868 0.589842 0.619894
12.121212 0.620684 0.604121 0.637247
13.131313 0.650227 0.625499 0.674956
14.141414 0.674993 0.653809 0.696177
15.151515 0.693858 0.687164 0.700551
16.161616 0.698410 0.691578 0.705242
17.171717 0.702530 0.693917 0.711143
18.181818 0.713511 0.694693 0.732328
19.191919 0.728303 0.715919 0.740688
20.202020 0.748684 0.741330 0.756037
21.212121 0.758520 0.747794 0.769246
22.222222 0.770648 0.760995 0.780301
23.232323 0.812549 0.794007 0.831090
24.242424 0.899148 0.840585 0.957710
25.252525 0.967301 0.954525 0.980078
26.262626 1.000281 0.971080 1.029482
27.272727 1.134728 1.020777 1.248678
28.282828 1.266590 1.247283 1.285897
29.292929 1.298757 1.270738 1.326776
30.303030 1.304005 1.278594 1.329417
31.313131 1.312988 1.289991 1.335985
32.323232 1.315694 1.296221 1.335167
33.333333 1.320594 1.301458 1.339730
34.343434 1.325823 1.310422 1.341224
35.353535 1.328056 1.311163 1.344950
36.363636 1.331169 1.311835 1.350503
37.373737 1.333076 1.314729 1.351424
38.383838 1.335997 1.315960 1.356035
39.393939 1.337935 1.317546 1.358324
40.404040 1.343485 1.326831 1.360140
41.414141 1.345779 1.330161 1.361396
42.424242 1.347057 1.330038 1.364076
43.434343 1.350510 1.332617 1.368404
44.444444 1.351163 1.333105 1.369221
45.454545 1.351564 1.332964 1.370164
46.464646 1.352000 1.333312 1.370687
47.474747 1.352085 1.333265 1.370906
48.484848 1.352930 1.334988 1.370871
49.494949 1.353576 1.335388 1.371765
50.505051 1.353798 1.335419 1.372177
51.515152 1.357665 1.339913 1.375416
52.525253 1.369581 1.346618 1.392545
53.535354 1.390567 1.368334 1.412800
54.545455 1.413377 1.382556 1.444199
55.555556 1.436616 1.419983 1.453250
56.565657 1.439555 1.423154 1.455956
57.575758 1.442761 1.426493 1.459028
58.585859 1.442427 1.426515 1.458339
59.595960 1.442654 1.426550 1.458759
60.606061 1.442850 1.426758 1.458943
61.616162 1.442856 1.426758 1.458954
62.626263 1.442944 1.426842 1.459046
63.636364 1.442996 1.426849 1.459143
64.646465 1.443244 1.426866 1.459621
65.656566 1.443263 1.426866 1.459659
66.666667 1.443663 1.427225 1.460102
67.676768 1.443677 1.427225 1.460128
68.686869 1.443594 1.427217 1.459970
69.696970 1.443653 1.427264 1.460042
70.707071 1.443749 1.427266 1.460232
71.717172 1.444712 1.427582 1.461842
72.727273 1.445059 1.427753 1.462364
73.737374 1.445376 1.427943 1.462810
74.747475 1.445755 1.429114 1.462396
75.757576 1.446368 1.429248 1.463488
76.767677 1.446557 1.429251 1.463863
77.777778 1.446955 1.429487 1.464422
78.787879 1.447255 1.429708 1.464801
79.797980 1.447310 1.429710 1.464910
80.808081 1.447508 1.429811 1.465204
81.818182 1.447531 1.429810 1.465252
82.828283 1.447769 1.429855 1.465682
83.838384 1.447986 1.429948 1.466023
84.848485 1.447869 1.428527 1.467210
85.858586 1.447945 1.428252 1.467637
86.868687 1.448193 1.428367 1.468020
87.878788 1.448287 1.428477 1.468097
88.888889 1.448600 1.428973 1.468228
89.898990 1.448646 1.429014 1.468279
90.909091 1.448626 1.429012 1.468239
91.919192 1.448660 1.429019 1.468301
92.929293 1.448689 1.429113 1.468266
93.939394 1.453144 1.436039 1.470249
94.949495 1.454634 1.437227 1.472041
95.959596 1.454634 1.437227 1.472041
96.969697 1.454634 1.437227 1.472041
97.979798 0.047103 0.000000 0.168206
98.989899 0.000000 0.000000 0.000000
100.000000 0.000000 0.000000 0.000000
