# time_s density
4.68795172 0.00692141225
4.68813677 0.00824649214
4.68832182 0.00980748216
4.68850686 0.0116428769
4.68869191 0.0137967997
4.68887696 0.0163197113
4.68906201 0.0192691894
4.68924705 0.0227107828
4.6894321 0.0267189433
4.68961715 0.0313780406
4.6898022 0.0367834615
4.68998724 0.0430427972
4.69017229 0.0502771202
4.69035734 0.0586223509
4.69054238 0.0682307158
4.69072743 0.0792722952
4.69091248 0.091936657
4.69109753 0.106434576
4.69128257 0.122999827
4.69146762 0.141891058
4.69165267 0.163393709
4.69183772 0.187821999
4.69202276 0.215520937
4.69220781 0.246868356
4.69239286 0.282276954
4.6925779 0.322196308
4.69276295 0.367114851
4.692948 0.417561774
4.69313305 0.474108832
4.69331809 0.537372014
4.69350314 0.608013054
4.69368819 0.686740727
4.69387324 0.774311916
4.69405828 0.871532382
4.69424333 0.979257212
4.69442838 1.0983909
4.69461342 1.22988699
4.69479847 1.37474732
4.69498352 1.53402065
4.69516857 1.70880084
4.69535361 1.9002244
4.69553866 2.10946741
4.69572371 2.33774175
4.69590876 2.58629066
4.6960938 2.85638357
4.69627885 3.14931014
4.6964639 3.46637362
4.69664894 3.80888336
4.69683399 4.17814658
4.69701904 4.57545941
4.69720409 5.00209715
4.69738913 5.45930387
4.69757418 5.94828129
4.69775923 6.47017715
4.69794428 7.02607296
4.69812932 7.61697129
4.69831437 8.24378278
4.69849942 8.90731276
4.69868446 9.60824783
4.69886951 10.3471424
4.69905456 11.1244051
4.69923961 11.9402861
4.69942465 12.7948639
4.6996097 13.6880334
4.69979475 14.6194948
4.6999798 15.5887424
4.70016484 16.5950558
4.70034989 17.6374914
4.70053494 18.7148756
4.70071998 19.8257996
4.70090503 20.9686161
4.70109008 22.1414372
4.70127513 23.342135
4.70146017 24.568344
4.70164522 25.8174656
4.70183027 27.086675
4.70201532 28.3729303
4.70220036 29.6729842
4.70238541 30.9833977
4.70257046 32.3005563
4.7027555 33.6206884
4.70294055 34.939886
4.7031256 36.2541274
4.70331065 37.5593017
4.70349569 38.8512353
4.70368074 40.1257198
4.70386579 41.3785409
4.70405084 42.6055093
4.70423588 43.8024912
4.70442093 44.9654402
4.70460598 46.0904292
4.70479102 47.1736815
4.70497607 48.2116022
4.70516112 49.2008087
4.70534617 50.1381591
4.70553121 51.0207805
4.70571626 51.8460939
4.70590131 52.6118381
4.70608636 53.3160904
4.7062714 53.9572847
4.70645645 54.5342264
4.7066415 55.0461041
4.70682654 55.4924978
4.70701159 55.8733834
4.70719664 56.189133
4.70738169 56.4405121
4.70756673 56.628672
4.70775178 56.7551392
4.70793683 56.8217998
4.70812188 56.8308815
4.70830692 56.7849311
4.70849197 56.6867885
4.70867702 56.5395589
4.70886206 56.3465802
4.70904711 56.1113899
4.70923216 55.8376884
4.70941721 55.5293012
4.70960225 55.1901402
4.7097873 54.8241634
4.70997235 54.4353343
4.71015739 54.0275824
4.71034244 53.6047629
4.71052749 53.1706184
4.71071254 52.7287419
4.71089758 52.2825411
4.71108263 51.8352062
4.71126768 51.3896796
4.71145273 50.9486287
4.71163777 50.5144228
4.71182282 50.089113
4.71200787 49.6744161
4.71219291 49.2717032
4.71237796 48.8819915
4.71256301 48.5059411
4.71274806 48.1438562
4.7129331 47.7956894
4.71311815 47.4610516
4.7133032 47.1392249
4.71348825 46.8291793
4.71367329 46.5295935
4.71385834 46.2388781
4.71404339 45.9552024
4.71422843 45.6765233
4.71441348 45.4006165
4.71459853 45.125109
4.71478358 44.8475135
4.71496862 44.5652632
4.71515367 44.275747
4.71533872 43.9763447
4.71552377 43.6644616
4.71570881 43.3375627
4.71589386 42.9932045
4.71607891 42.629066
4.71626395 42.2429776
4.716449 41.8329473
4.71663405 41.3971841
4.7168191 40.9341195
4.71700414 40.4424246
4.71718919 39.9210252
4.71737424 39.3691132
4.71755929 38.7861542
4.71774433 38.1718923
4.71792938 37.5263517
4.71811443 36.8498346
4.71829947 36.1429158
4.71848452 35.4064357
4.71866957 34.6414883
4.71885462 33.8494091
4.71903966 33.0317583
4.71922471 32.190304
4.71940976 31.3270023
4.71959481 30.4439764
4.71977985 29.5434945
4.7199649 28.6279466
4.72014995 27.6998211
4.72033499 26.7616811
4.72052004 25.81614
4.72070509 24.8658384
4.72089014 23.9134209
4.72107518 22.9615139
4.72126023 22.0127046
4.72144528 21.0695205
4.72163033 20.1344113
4.72181537 19.2097319
4.72200042 18.2977263
4.72218547 17.4005147
4.72237051 16.5200813
4.72255556 15.6582644
4.72274061 14.8167483
4.72292566 13.9970569
4.7231107 13.2005495
4.72329575 12.4284179
4.7234808 11.681686
4.72366585 10.9612096
4.72385089 10.2676793
4.72403594 9.60162404
4.72422099 8.96341551
4.72440603 8.35327455
4.72459108 7.77127798
4.72477613 7.21736649
4.72496118 6.6913532
4.72514622 6.19293279
4.72533127 5.72169109
4.72551632 5.27711498
4.72570137 4.85860241
4.72588641 4.46547255
4.72607146 4.09697587
4.72625651 3.75230399
4.72644155 3.4305994
4.7266266 3.13096478
4.72681165 2.85247192
4.7269967 2.59417024
4.72718174 2.35509471
4.72736679 2.13427331
4.72755184 1.93073387
4.72773689 1.74351033
4.72792193 1.57164839
4.72810698 1.41421053
4.72829203 1.27028049
4.72847707 1.13896708
4.72866212 1.01940748
4.72884717 0.910769976
4.72903222 0.812256124
4.72921726 0.723102494
4.72940231 0.642581909
4.72958736 0.57000427
4.72977241 0.504716994
4.72995745 0.446105104
4.7301425 0.393590999
4.73032755 0.346633949
4.73051259 0.304729351
4.73069764 0.267407774
4.73088269 0.234233836
4.73106774 0.204804935
4.73125278 0.178749864
4.73143783 0.155727348
4.73162288 0.135424512
4.73180793 0.117555314
4.73199297 0.101858957
4.73217802 0.0880983045
4.73236307 0.0760583058
4.73254811 0.0655444507
4.73273316 0.0563812654
4.73291821 0.0484108551
4.73310326 0.041491504
4.7332883 0.0354963377
4.73347335 0.0303120513
4.7336584 0.0258377083
4.73384345 0.0219836108
4.73402849 0.018670241
4.73421354 0.0158272766
4.73439859 0.0133926753
4.73458363 0.0113118305
4.73476868 0.00953679342
4.73495373 0.00802555979
4.73513878 0.00674141894
