# fraction_pct mean ci_low ci_high
0.000000 0.000000 0.000000 0.000000
1.010101 0.000000 0.000000 0.000000
2.020202 0.000000 0.000000 0.000000
3.030303 0.000000 0.000000 0.000000
4.040404 0.000000 0.000000 0.000000
5.050505 0.000000 0.000000 0.000000
6.060606 0.000000 0.000000 0.000000
7.070707 0.009766 0.000000 0.034873
8.080808 0.070607 0.000000 0.243638
9.090909 0.106604 0.000000 0.272998
10.101010 0.215962 0.051752 0.380173
11.111111 0.312902 0.244236 0.381568
12.121212 0.339610 0.339609 0.339610
13.131313 0.339610 0.339609 0.339610
14.141414 0.339610 0.339609 0.339610
15.151515 0.339610 0.339609 0.339610
16.161616 0.360907 0.338410 0.383405
17.171717 0.370716 0.350723 0.390709
18.181818 0.370716 0.350723 0.390709
19.191919 0.378492 0.378491 0.378492
20.202020 0.378492 0.378491 0.378492
21.212121 0.378492 0.378491 0.378492
22.222222 0.378492 0.378491 0.378492
23.232323 0.378492 0.378491 0.378492
24.242424 0.381542 0.373700 0.389385
25.252525 0.389619 0.382991 0.396248
26.262626 0.398806 0.373584 0.424028
27.272727 0.393809 0.370720 0.416897
28.282828 0.382027 0.363650 0.400404
29.292929 0.382027 0.363650 0.400404
30.303030 0.382027 0.363650 0.400404
31.313131 0.382027 0.363650 0.400404
32.323232 0.382027 0.363650 0.400404
33.333333 0.385048 0.366949 0.403147
34.343434 0.381991 0.363591 0.400391
35.353535 0.381991 0.363591 0.400391
36.363636 0.381991 0.363591 0.400391
37.373737 0.382417 0.364262 0.400573
38.383838 0.382417 0.364262 0.400573
39.393939 0.382417 0.364262 0.400573
40.404040 0.382417 0.364262 0.400573
41.414141 0.387943 0.371070 0.404817
42.424242 0.384962 0.366899 0.403024
43.434343 0.384962 0.366899 0.403024
44.444444 0.384962 0.366899 0.403024
45.454545 0.384962 0.366899 0.403024
46.464646 0.377832 0.370235 0.385428
47.474747 0.374858 0.374743 0.374974
48.484848 0.376368 0.372534 0.380202
49.494949 0.382848 0.374122 0.391573
50.505051 0.380872 0.371380 0.390364
51.515152 0.380872 0.371380 0.390364
52.525253 0.380872 0.371380 0.390364
53.535354 0.380872 0.371380 0.390364
54.545455 0.377896 0.370297 0.385495
55.555556 0.377896 0.370297 0.385495
56.565657 0.377883 0.370318 0.385448
57.575758 0.374908 0.374678 0.375138
58.585859 0.377936 0.370110 0.385762
59.595960 0.374873 0.374640 0.375105
60.606061 0.374784 0.374776 0.374792
61.616162 0.374784 0.374776 0.374792
62.626263 0.374784 0.374776 0.374792
63.636364 0.374784 0.374776 0.374792
64.646465 0.377753 0.370126 0.385380
65.656566 0.375794 0.373193 0.378395
66.666667 0.381880 0.370465 0.393295
67.676768 0.374781 0.374776 0.374786
68.686869 0.374781 0.374776 0.374786
69.696970 0.374781 0.374776 0.374786
70.707071 0.374781 0.374776 0.374786
71.717172 0.374781 0.374776 0.374786
72.727273 0.377749 0.370122 0.385377
73.737374 0.382257 0.375930 0.388583
74.747475 0.384422 0.376804 0.392040
75.757576 0.374779 0.374775 0.374782
76.767677 0.374779 0.374775 0.374782
77.777778 0.374779 0.374775 0.374782
78.787879 0.374779 0.374775 0.374782
79.797980 0.377744 0.370124 0.385365
80.808081 0.377744 0.370124 0.385365
81.818182 0.386471 0.378941 0.394000
82.828283 0.383081 0.367324 0.398838
83.838384 0.374773 0.374772 0.374774
84.848485 0.374773 0.374772 0.374774
85.858586 0.374773 0.374772 0.374774
86.868687 0.374773 0.374772 0.374774
87.878788 0.377742 0.370108 0.385377
88.888889 0.374881 0.374597 0.375166
89.898990 0.386653 0.379011 0.394295
90.909091 0.375071 0.374300 0.375841
91.919192 0.374771 0.374766 0.374776
92.929293 0.374771 0.374766 0.374776
93.939394 0.374771 0.374766 0.374776
94.949495 0.375483 0.373652 0.377314
95.959596 0.390098 0.388572 0.391624
96.969697 0.377735 0.370097 0.385372
97.979798 0.325245 0.242553 0.407937
98.989899 0.034213 0.000000 0.105790
100.000000 0.006373 0.006372 0.006373
