# fraction_pct mean ci_low ci_high
0.000000 0.002277 0.001276 0.003278
1.010101 0.527838 0.519831 0.535846
2.020202 0.955719 0.931030 0.980408
3.030303 1.587744 1.571997 1.603491
4.040404 1.805877 1.772980 1.838775
5.050505 2.710225 2.678763 2.741688
6.060606 2.755865 2.701785 2.809944
7.070707 2.785046 2.718608 2.851485
8.080808 2.803299 2.742509 2.864090
9.090909 2.869174 2.819996 2.918352
10.101010 2.902388 2.866448 2.938327
11.111111 2.956206 2.854360 3.058052
12.121212 3.013355 2.920387 3.106323
13.131313 3.137209 2.926326 3.348092
14.141414 3.232929 3.076164 3.389694
15.151515 3.301066 3.182020 3.420112
16.161616 3.309705 3.191895 3.427515
17.171717 3.332572 3.221368 3.443777
18.181818 3.334914 3.224738 3.445091
19.191919 3.335586 3.225325 3.445847
20.202020 3.337927 3.222119 3.453734
21.212121 3.360608 3.257738 3.463478
22.222222 3.433035 3.346077 3.519993
23.232323 3.550878 3.462790 3.638966
24.242424 3.597819 3.462615 3.733023
25.252525 3.609494 3.465378 3.753611
26.262626 3.612456 3.470406 3.754505
27.272727 3.617804 3.481171 3.754437
28.282828 3.618952 3.482937 3.754967
29.292929 3.618999 3.483002 3.754995
30.303030 3.619638 3.484494 3.754782
31.313131 3.619690 3.484569 3.754810
32.323232 3.620454 3.485624 3.755284
33.333333 3.621565 3.487210 3.755920
34.343434 3.622502 3.488647 3.756357
35.353535 3.623882 3.491875 3.755889
36.363636 3.625391 3.494154 3.756628
37.373737 3.626309 3.496286 3.756332
38.383838 3.626309 3.496286 3.756332
39.393939 3.626627 3.496697 3.756557
40.404040 3.627222 3.497510 3.756933
41.414141 3.627407 3.497826 3.756988
42.424242 3.627461 3.497898 3.757024
43.434343 3.628251 3.499088 3.757414
44.444444 3.628251 3.499088 3.757414
45.454545 3.628251 3.499088 3.757414
46.464646 3.629879 3.499854 3.759903
47.474747 3.629975 3.500034 3.759915
48.484848 3.630611 3.500896 3.760325
49.494949 3.631160 3.501463 3.760856
50.505051 3.631178 3.501487 3.760868
51.515152 3.631178 3.501487 3.760868
52.525253 3.631178 3.501487 3.760868
53.535354 3.631602 3.500875 3.762328
54.545455 3.632480 3.499994 3.764966
55.555556 3.632890 3.499551 3.766228
56.565657 3.633136 3.499900 3.766372
57.575758 3.634829 3.497548 3.772111
58.585859 3.635288 3.496882 3.773693
59.595960 3.635366 3.496768 3.773964
60.606061 3.636839 3.500148 3.773531
61.616162 3.636901 3.500115 3.773687
62.626263 3.638387 3.502404 3.774370
63.636364 3.638782 3.502892 3.774672
64.646465 3.638951 3.503082 3.774820
65.656566 3.641926 3.504317 3.779536
66.666667 3.642082 3.504340 3.779825
67.676768 3.642110 3.504349 3.779870
68.686869 3.642121 3.504365 3.779877
69.696970 3.642124 3.504369 3.779879
70.707071 3.642127 3.504374 3.779881
71.717172 3.642393 3.504748 3.780037
72.727273 3.642561 3.505005 3.780116
73.737374 3.645483 3.508138 3.782828
74.747475 3.645546 3.508170 3.782923
75.757576 3.645609 3.508234 3.782984
76.767677 3.645657 3.508291 3.783023
77.777778 3.645726 3.508369 3.783083
78.787879 3.645750 3.508404 3.783095
79.797980 3.645949 3.508450 3.783449
80.808081 3.647314 3.509899 3.784729
81.818182 3.648552 3.511207 3.785897
82.828283 3.648624 3.511243 3.786006
83.838384 3.648948 3.511717 3.786179
84.848485 3.650845 3.514421 3.787270
85.858586 3.650845 3.514421 3.787270
86.868687 3.651585 3.515431 3.787738
87.878788 3.651724 3.515645 3.787804
88.888889 3.652930 3.516900 3.788961
89.898990 3.653239 3.517214 3.789264
90.909091 3.653344 3.517373 3.789315
91.919192 3.653346 3.517375 3.789317
92.929293 3.653347 3.517376 3.789317
93.939394 3.653354 3.517385 3.789323
94.949495 3.661553 3.521950 3.801155
95.959596 3.670268 3.526556 3.813981
96.969697 3.671831 3.527893 3.815769
97.979798 3.493933 3.002755 3.985112
98.989899 0.274473 0.000000 0.980142
100.000000 0.000000 0.000000 0.000000
