# time_s density
11.8291701 0.00378743222
11.8298396 0.00550757037
11.8305091 0.00793739392
11.8311785 0.0113370094
11.831848 0.0160480317
11.8325175 0.0225137446
11.833187 0.0313023101
11.8338564 0.0431328086
11.8345259 0.0589035922
11.8351954 0.0797220609
11.8358649 0.106934526
11.8365344 0.142154323
11.8372038 0.187285817
11.8378733 0.244541404
11.8385428 0.316448183
11.8392123 0.405840613
11.8398817 0.515835347
11.8405512 0.649784557
11.8412207 0.811204528
11.8418902 1.00367716
11.8425596 1.23072326
11.8432291 1.49564826
11.8438986 1.80136296
11.8445681 2.15018425
11.8452375 2.54362346
11.845907 2.9821718
11.8465765 3.46509535
11.847246 3.99025284
11.8479154 4.5539508
11.8485849 5.15085053
11.8492544 5.77393983
11.8499239 6.41458043
11.8505933 7.06263804
11.8512628 7.70669794
11.8519323 8.33436314
11.8526018 8.93262692
11.8532713 9.48830563
11.8539407 9.98851276
11.8546102 10.4211509
11.8552797 10.7753959
11.8559492 11.0421459
11.8566186 11.2144098
11.8572881 11.2876115
11.8579576 11.2597923
11.8586271 11.1316976
11.8592965 10.9067439
11.859966 10.5908672
11.8606355 10.1922631
11.861305 9.72103309
11.8619744 9.18876006
11.8626439 8.60803639
11.8633134 7.99197233
11.8639829 7.35371074
11.8646523 6.70597311
11.8653218 6.06065785
11.8659913 5.42850722
11.8666608 4.81885398
11.8673302 4.23945283
11.8679997 3.69639643
11.8686692 3.19411077
11.8693387 2.73542053
11.8700082 2.32167236
11.8706776 1.95290207
11.8713471 1.62803121
11.8720166 1.34507885
11.8726861 1.10137594
11.8733555 0.893771288
11.874025 0.718820551
11.8746945 0.572952317
11.875364 0.452607473
11.8760334 0.354350463
11.8767029 0.274952839
11.8773724 0.211450958
11.8780419 0.16118076
11.8787113 0.121793197
11.8793808 0.0912541636
11.8800503 0.0678327828
11.8807198 0.0500816648
11.8813892 0.0368123799
11.8820587 0.0270689194
11.8827282 0.0201014274
11.8833977 0.0153420102
11.8840671 0.0123839948
11.8847366 0.0109656343
11.8854061 0.0109589489
11.8860756 0.0123641364
11.8867451 0.0153097763
11.8874145 0.0200588681
11.888084 0.0270205617
11.8887535 0.0367672415
11.889423 0.0500563912
11.8900924 0.0678563846
11.8907619 0.0913750115
11.8914314 0.122089158
11.8921009 0.161773638
11.8927703 0.212526741
11.8934398 0.276789661
11.8941093 0.35735664
11.8947788 0.457372527
11.8954482 0.580314417
11.8961177 0.729954418
11.8967872 0.910301137
11.8974567 1.1255185
11.8981261 1.37982181
11.8987956 1.67735251
11.8994651 2.02203507
11.9001346 2.41742133
11.900804 2.86652929
11.9014735 3.37168532
11.902143 3.93437948
11.9028125 4.55514437
11.903482 5.23346723
11.9041514 5.96774388
11.9048209 6.75528036
11.9054904 7.59234528
11.9061599 8.47427133
11.9068293 9.39560059
11.9074988 10.3502635
11.9081683 11.3317776
11.9088378 12.3334491
11.9095072 13.3485593
11.9101767 14.3705173
11.9108462 15.392963
11.9115157 16.4098085
11.9121851 17.4152114
11.9128546 18.4034814
11.9135241 19.3689268
11.9141936 20.3056583
11.914863 21.2073709
11.9155325 22.0671317
11.916202 22.8772022
11.9168715 23.6289239
11.9175409 24.3126923
11.9182104 24.9180392
11.9188799 25.4338323
11.9195494 25.848592
11.9202189 26.1509158
11.9208883 26.3299865
11.9215578 26.3761345
11.9222273 26.2814155
11.9228968 26.0401631
11.9235662 25.6494727
11.9242357 25.1095808
11.9249052 24.4241058
11.9255747 23.6001302
11.9262441 22.6481121
11.9269136 21.5816288
11.9275831 20.416965
11.9282526 19.1725706
11.928922 17.8684208
11.9295915 16.525316
11.930261 15.1641636
11.9309305 13.8052816
11.9315999 12.467761
11.9322694 11.1689171
11.9329389 9.92385352
11.9336084 8.74515322
11.9342778 7.64270048
11.9349473 6.62363205
11.9356168 5.6924059
11.9362863 4.85097133
11.9369558 4.09901991
11.9376252 3.43429474
11.9382947 2.852935
11.9389642 2.34983439
11.9396337 1.91899403
11.9403031 1.55385442
11.9409726 1.24759435
11.9416421 0.993388994
11.9423116 0.784623116
11.942981 0.615058589
11.9436505 0.478958428
11.94432 0.371171504
11.9449895 0.287183559
11.9456589 0.22314097
11.9463284 0.1758538
11.9469979 0.142784416
11.9476674 0.122027218
11.9483368 0.112284013
11.9490063 0.112838427
11.9496758 0.123531402
11.9503453 0.144738578
11.9510147 0.177349041
11.9516842 0.22274377
11.9523537 0.282771093
11.9530232 0.359715672
11.9536927 0.456256963
11.9543621 0.575412945
11.9550316 0.720465025
11.9557011 0.894860657
11.9563706 1.10209125
11.95704 1.3455444
11.9577095 1.62833155
11.958379 1.95309413
11.9590485 2.32179408
11.9597179 2.735497
11.9603874 3.19415839
11.9610569 3.69642583
11.9617264 4.23947081
11.9623958 4.81886488
11.9630653 5.42851377
11.9637348 6.06066175
11.9644043 6.70597542
11.9650737 7.35371209
11.9657432 7.99197312
11.9664127 8.60803684
11.9670822 9.18876031
11.9677516 9.72103323
11.9684211 10.1922632
11.9690906 10.5908673
11.9697601 10.9067439
11.9704296 11.1316977
11.971099 11.2597923
11.9717685 11.2876115
11.972438 11.2144098
11.9731075 11.0421459
11.9737769 10.7753959
11.9744464 10.4211509
11.9751159 9.98851276
11.9757854 9.48830563
11.9764548 8.93262692
11.9771243 8.33436314
11.9777938 7.70669794
11.9784633 7.06263804
11.9791327 6.41458043
11.9798022 5.77393983
11.9804717 5.15085053
11.9811412 4.5539508
11.9818106 3.99025284
11.9824801 3.46509535
11.9831496 2.9821718
11.9838191 2.54362346
11.9844885 2.15018425
11.985158 1.80136296
11.9858275 1.49564826
11.986497 1.23072326
11.9871665 1.00367716
11.9878359 0.811204528
11.9885054 0.649784557
11.9891749 0.515835347
11.9898444 0.405840613
11.9905138 0.316448183
11.9911833 0.244541404
11.9918528 0.187285817
11.9925223 0.142154323
11.9931917 0.106934526
11.9938612 0.0797220609
11.9945307 0.0589035922
11.9952002 0.0431328086
11.9958696 0.0313023101
11.9965391 0.0225137446
11.9972086 0.0160480317
11.9978781 0.0113370094
11.9985475 0.00793739392
11.999217 0.00550757037
11.9998865 0.00378743222
