# fraction_pct mean ci_low ci_high
0.000000 0.000000 0.000000 0.000000
1.010101 3.416914 3.235819 3.598010
2.020202 7.257612 6.891538 7.623687
3.030303 9.833954 9.617571 10.050337
4.040404 12.116352 11.946273 12.286431
5.050505 13.443836 12.077988 14.809684
6.060606 15.129509 13.161947 17.097071
7.070707 16.240157 12.958546 19.521768
8.080808 18.767157 15.886077 21.648237
9.090909 19.755290 15.534489 23.976090
10.101010 29.372526 24.949906 33.795146
11.111111 40.784983 30.194187 51.375780
12.121212 46.076596 32.607223 59.545970
13.131313 49.300073 36.717439 61.882708
14.141414 51.132599 39.416765 62.848433
15.151515 51.605388 40.665611 62.545166
16.161616 52.149681 41.996019 62.303344
17.171717 52.578969 42.946666 62.211272
18.181818 53.146288 44.042107 62.250469
19.191919 53.654357 44.843231 62.465483
20.202020 54.128102 45.420922 62.835282
21.212121 54.709175 45.898219 63.520131
22.222222 57.170908 53.232484 61.109333
23.232323 61.710545 61.079991 62.341098
24.242424 64.592133 64.468006 64.716260
25.252525 67.130482 66.972868 67.288096
26.262626 69.584258 69.484539 69.683976
27.272727 72.075987 71.941851 72.210124
28.282828 74.596598 74.457263 74.735934
29.292929 77.131708 76.982441 77.280975
30.303030 79.681980 79.538373 79.825587
31.313131 80.700473 79.148244 82.252702
32.323232 81.210203 78.610752 83.809654
33.333333 81.720703 77.905716 85.535691
34.343434 83.505325 79.121275 87.889374
35.353535 86.905395 85.441578 88.369212
36.363636 79.565690 64.633913 94.497467
37.373737 53.987123 40.325323 67.648923
38.383838 44.276611 28.837089 59.716134
39.393939 34.078436 33.611596 34.545275
40.404040 34.356826 34.356814 34.356838
41.414141 34.356826 34.356814 34.356838
42.424242 34.356826 34.356814 34.356838
43.434343 34.546501 34.217987 34.875016
44.444444 34.439961 34.171430 34.708492
45.454545 34.439961 34.171430 34.708492
46.464646 34.334245 34.319726 34.348764
47.474747 34.328599 34.328587 34.328612
48.484848 34.329152 34.328219 34.330085
49.494949 34.337007 34.336995 34.337019
50.505051 34.337007 34.336995 34.337019
51.515152 34.337007 34.336995 34.337019
52.525253 34.355535 34.307904 34.403166
53.535354 34.415678 34.316296 34.515060
54.545455 34.726749 34.197489 35.256009
55.555556 34.392151 34.392138 34.392164
56.565657 34.392151 34.392138 34.392164
57.575758 34.392151 34.392138 34.392164
58.585859 34.392151 34.392138 34.392164
59.595960 34.392151 34.392138 34.392164
60.606061 34.448295 34.303957 34.592633
61.616162 34.394200 34.388939 34.399461
62.626263 34.508411 34.235852 34.780970
63.636364 34.402398 34.402385 34.402410
64.646465 34.402398 34.402385 34.402410
65.656566 34.402398 34.402385 34.402410
66.666667 34.401204 34.399948 34.402460
67.676768 34.396954 34.388080 34.405827
68.686869 34.386589 34.377715 34.395464
69.696970 34.386589 34.377715 34.395464
70.707071 34.386589 34.377715 34.395464
71.717172 34.416044 34.322764 34.509324
72.727273 34.372620 34.365869 34.379370
73.737374 34.372620 34.365869 34.379370
74.747475 34.372620 34.365869 34.379370
75.757576 34.372620 34.365869 34.379370
76.767677 34.372620 34.365869 34.379370
77.777778 34.369991 34.369979 34.370003
78.787879 34.369991 34.369979 34.370003
79.797980 34.369991 34.369979 34.370003
80.808081 34.369991 34.369979 34.370003
81.818182 34.369991 34.369979 34.370003
82.828283 34.370822 34.369953 34.371690
83.838384 34.371099 34.370391 34.371806
84.848485 34.371099 34.370391 34.371806
85.858586 34.371099 34.370391 34.371806
86.868687 34.371099 34.370391 34.371806
87.878788 34.371111 34.370395 34.371826
88.888889 34.373151 34.372019 34.374284
89.898990 34.380119 34.363219 34.397019
90.909091 34.373540 34.373492 34.373587
91.919192 34.373540 34.373492 34.373587
92.929293 34.373540 34.373492 34.373587
93.939394 34.373503 34.373491 34.373516
94.949495 34.373503 34.373491 34.373516
95.959596 34.373503 34.373491 34.373516
96.969697 34.373503 34.373491 34.373516
97.979798 34.373503 34.373491 34.373516
98.989899 34.737533 34.378881 35.096186
100.000000 0.168610 0.168610 0.168610
