# fraction_pct mean ci_low ci_high
0.000000 0.000214 0.000000 0.000435
1.010101 12.338236 12.242245 12.434227
2.020202 13.673078 13.384267 13.961888
3.030303 14.436910 14.008543 14.865276
4.040404 14.418438 14.003488 14.833388
5.050505 14.456357 14.016755 14.895958
6.060606 14.581391 14.257077 14.905704
7.070707 15.394307 14.018994 16.769619
8.080808 17.132784 16.297135 17.968432
9.090909 17.132661 16.270158 17.995165
10.101010 16.907008 16.231378 17.582638
11.111111 16.347397 15.764200 16.930595
12.121212 16.371023 15.773603 16.968442
13.131313 16.289722 15.562234 17.017210
14.141414 16.278611 15.535690 17.021531
15.151515 16.293331 15.582937 17.003725
16.161616 16.289073 15.569324 17.008822
17.171717 16.289367 15.570264 17.008469
18.181818 16.288055 15.566061 17.010048
19.191919 16.283158 15.550340 17.015976
20.202020 16.300485 15.605704 16.995266
21.212121 16.302924 15.613433 16.992414
22.222222 16.262498 15.532396 16.992600
23.232323 16.269363 15.579443 16.959283
24.242424 16.060256 15.417047 16.703466
25.252525 14.964584 12.901684 17.027484
26.262626 10.611518 8.344611 12.878424
27.272727 4.300898 3.412226 5.189570
28.282828 3.993013 3.788092 4.197933
29.292929 4.135592 3.986065 4.285119
30.303030 4.169475 4.018504 4.320446
31.313131 4.190719 4.023895 4.357543
32.323232 4.208760 4.045955 4.371566
33.333333 4.226137 4.054970 4.397304
34.343434 4.273222 4.150300 4.396144
35.353535 4.328208 4.126783 4.529633
36.363636 4.451326 4.145457 4.757195
37.373737 4.528579 4.200240 4.856919
38.383838 4.989677 3.894267 6.085087
39.393939 6.238170 5.295211 7.181129
40.404040 6.799962 6.568490 7.031434
41.414141 6.374881 5.891205 6.858556
42.424242 6.044395 5.536507 6.552283
43.434343 7.202441 6.820071 7.584810
44.444444 7.204019 6.821586 7.586452
45.454545 7.203361 6.820960 7.585763
46.464646 6.768716 5.780098 7.757335
47.474747 6.253896 5.438538 7.069255
48.484848 6.050062 5.715096 6.385028
49.494949 7.395619 6.962363 7.828875
50.505051 7.847098 7.347547 8.346649
51.515152 8.491371 8.114672 8.868070
52.525253 8.141736 7.814277 8.469195
53.535354 8.436734 7.814115 9.059354
54.545455 9.154206 8.926150 9.382261
55.555556 9.436161 9.095130 9.777192
56.565657 9.453141 8.830169 10.076113
57.575758 8.747784 7.511766 9.983802
58.585859 10.299285 10.036502 10.562067
59.595960 10.185154 9.907707 10.462601
60.606061 10.439457 9.915050 10.963864
61.616162 10.581520 9.710985 11.452054
62.626263 12.002525 11.764775 12.240276
63.636364 11.229249 9.230661 13.227836
64.646465 8.466371 7.780520 9.152222
65.656566 8.121990 7.858701 8.385279
66.666667 8.868939 7.965558 9.772319
67.676768 8.589490 7.726194 9.452786
68.686869 8.452541 7.843723 9.061359
69.696970 8.227909 8.035761 8.420058
70.707071 8.226746 8.033490 8.420003
71.717172 8.776946 8.019169 9.534724
72.727273 9.832439 9.478628 10.186251
73.737374 10.079865 9.533521 10.626208
74.747475 9.334922 8.627334 10.042509
75.757576 9.193789 8.368067 10.019512
76.767677 9.210594 8.418386 10.002803
77.777778 9.563914 8.970621 10.157206
78.787879 9.573990 8.967080 10.180900
79.797980 9.019335 8.430018 9.608652
80.808081 8.647144 8.443713 8.850574
81.818182 8.541238 8.319818 8.762657
82.828283 9.113071 8.279514 9.946628
83.838384 9.343466 8.682419 10.004513
84.848485 9.341901 8.682645 10.001156
85.858586 8.908225 8.334469 9.481981
86.868687 8.906042 8.329322 9.482763
87.878788 8.974990 8.470421 9.479559
88.888889 9.290898 8.612051 9.969744
89.898990 9.275365 8.951713 9.599017
90.909091 9.118059 8.595007 9.641111
91.919192 9.116147 8.587383 9.644912
92.929293 9.117413 8.591200 9.643626
93.939394 9.544209 9.265373 9.823044
94.949495 9.543043 9.262604 9.823481
95.959596 9.534964 9.271155 9.798773
96.969697 8.492838 8.270982 8.714694
97.979798 8.489099 8.265496 8.712702
98.989899 9.574897 9.282630 9.867164
100.000000 0.000000 0.000000 0.000000
