# time_s density
780.974415 0.000119852449
780.991178 0.000143280473
781.007941 0.000170965422
781.024704 0.000203615483
781.041467 0.000242044156
781.05823 0.000287183673
781.074993 0.000340099727
781.091756 0.000402007606
781.108519 0.00047428977
781.125282 0.000558514948
781.142045 0.000656458773
781.158808 0.00077012599
781.175571 0.000901774247
781.192334 0.00105393945
781.209096 0.00122946263
781.225859 0.00143151831
781.242622 0.00166364419
781.259385 0.00192977206
781.276148 0.00223425982
781.292911 0.00258192424
781.309674 0.00297807441
781.326437 0.00342854533
781.3432 0.00393973147
781.359963 0.00451861979
781.376726 0.00517282171
781.393489 0.00591060363
781.410252 0.00674091522
781.427015 0.00767341505
781.443777 0.00871849263
781.46054 0.00988728634
781.477303 0.0111916963
781.494066 0.0126443914
781.510829 0.0142588098
781.527592 0.0160491514
781.544355 0.0180303626
781.561118 0.020218111
781.577881 0.0226287503
781.594644 0.0252792744
781.611407 0.0281872592
781.62817 0.0313707922
781.644933 0.0348483894
781.661696 0.038638898
781.678459 0.0427613859
781.695221 0.0472350166
781.711984 0.0520789101
781.728747 0.0573119907
781.74551 0.0629528198
781.762273 0.0690194172
781.779036 0.0755290698
781.795799 0.0824981294
781.812562 0.0899418012
781.829325 0.0978739241
781.846088 0.106306746
781.862851 0.115250692
781.879614 0.12471414
781.896377 0.134703184
781.91314 0.145221414
781.929902 0.156269697
781.946665 0.167845966
781.963428 0.179945033
781.980191 0.192558405
781.996954 0.205674133
782.013717 0.219276672
782.03048 0.233346782
782.047243 0.247861448
782.064006 0.262793835
782.080769 0.278113283
782.097532 0.293785333
782.114295 0.309771799
782.131058 0.326030874
782.147821 0.342517285
782.164584 0.359182485
782.181346 0.375974887
782.198109 0.392840144
782.214872 0.409721464
782.231635 0.426559967
782.248398 0.443295073
782.265161 0.459864924
782.281924 0.476206839
782.298687 0.492257782
782.31545 0.507954863
782.332213 0.52323584
782.348976 0.538039636
782.365739 0.552306861
782.382502 0.565980319
782.399265 0.579005517
782.416027 0.591331151
782.43279 0.602909568
782.449553 0.613697204
782.466316 0.623654979
782.483079 0.632748666
782.499842 0.640949198
782.516605 0.648232936
782.533368 0.654581883
782.550131 0.659983835
782.566894 0.664432484
782.583657 0.667927449
782.60042 0.670474252
782.617183 0.672084239
782.633946 0.672774425
782.650709 0.672567301
782.667471 0.671490568
782.684234 0.66957683
782.700997 0.666863237
782.71776 0.663391084
782.734523 0.65920537
782.751286 0.65435433
782.768049 0.648888938
782.784812 0.642862393
782.801575 0.636329591
782.818338 0.629346589
782.835101 0.621970072
782.851864 0.614256831
782.868627 0.606263244
782.88539 0.598044786
782.902152 0.589655557
782.918915 0.581147844
782.935678 0.572571713
782.952441 0.56397464
782.969204 0.555401181
782.985967 0.546892691
783.00273 0.538487077
783.019493 0.530218605
783.036256 0.522117751
783.053019 0.514211096
783.069782 0.506521265
783.086545 0.499066915
783.103308 0.491862756
783.120071 0.484919619
783.136834 0.478244552
783.153596 0.471840956
783.170359 0.465708748
783.187122 0.459844548
783.203885 0.454241895
783.220648 0.44889147
783.237411 0.443781349
783.254174 0.438897257
783.270937 0.434222834
783.2877 0.429739908
783.304463 0.425428764
783.321226 0.42126842
783.337989 0.417236895
783.354752 0.413311473
783.371515 0.409468954
783.388277 0.40568591
783.40504 0.401938911
783.421803 0.398204756
783.438566 0.39446068
783.455329 0.39068455
783.472092 0.386855054
783.488855 0.382951861
783.505618 0.378955778
783.522381 0.374848889
783.539144 0.370614671
783.555907 0.366238109
783.57267 0.361705782
783.589433 0.357005942
783.606196 0.352128577
783.622959 0.347065456
783.639721 0.341810163
783.656484 0.336358115
783.673247 0.33070657
783.69001 0.324854614
783.706773 0.318803141
783.723536 0.31255482
783.740299 0.306114043
783.757062 0.29948687
783.773825 0.292680956
783.790588 0.28570547
783.807351 0.278571003
783.824114 0.271289466
783.840877 0.263873981
783.85764 0.256338762
783.874402 0.24869899
783.891165 0.240970687
783.907928 0.233170575
783.924691 0.225315942
783.941454 0.217424499
783.958217 0.209514242
783.97498 0.201603308
783.991743 0.193709841
784.008506 0.185851847
784.025269 0.178047073
784.042032 0.170312871
784.058795 0.162666086
784.075558 0.155122937
784.092321 0.147698919
784.109084 0.140408706
784.125846 0.133266066
784.142609 0.12628379
784.159372 0.119473626
784.176135 0.112846233
784.192898 0.106411134
784.209661 0.100176697
784.226424 0.0941501108
784.243187 0.0883373835
784.25995 0.0827433464
784.276713 0.0773716696
784.293476 0.072224887
784.310239 0.0673044303
784.327002 0.0626106704
784.343765 0.0581429671
784.360527 0.0538997242
784.37729 0.0498784503
784.394053 0.0460758239
784.410816 0.0424877623
784.427579 0.0391094928
784.444342 0.035935625
784.461105 0.0329602251
784.477868 0.0301768884
784.494631 0.0275788126
784.511394 0.0251588685
784.528157 0.0229096684
784.54492 0.0208236323
784.561683 0.0188930507
784.578446 0.0171101431
784.595209 0.0154671131
784.611971 0.0139561994
784.628734 0.0125697213
784.645497 0.0113001208
784.66226 0.0101399997
784.679023 0.00908215142
784.695786 0.00811958969
784.712549 0.00724557148
784.729312 0.00645361657
784.746075 0.00573752274
784.762838 0.00509137733
784.779601 0.00450956514
784.796364 0.00398677315
784.813127 0.00351799228
784.82989 0.00309851641
784.846652 0.00272393909
784.863415 0.00239014811
784.880178 0.00209331826
784.896941 0.0018299026
784.913704 0.00159662244
784.930467 0.00139045627
784.94723 0.00120862797
784.963993 0.00104859437
784.980756 0.00090803251
784.997519 0.000784826579
785.014282 0.000677054933
785.031045 0.000582977114
785.047808 0.000501021106
785.064571 0.000429770893
785.081334 0.000367954405
785.098096 0.000314431925
785.114859 0.000268185008
785.131622 0.000228305945
785.148385 0.000193987818
785.165148 0.000164515142
785.181911 0.000139255117
785.198674 0.000117649481
785.215437 9.9206962e-05
785.2322 8.34963133e-05
785.248963 7.01399106e-05
