# fraction_pct mean ci_low ci_high
0.000000 0.000000 0.000000 0.000000
1.010101 0.000000 0.000000 0.000000
2.020202 0.000000 0.000000 0.000000
3.030303 0.000000 0.000000 0.000000
4.040404 0.299974 0.067164 0.532784
5.050505 1.783724 0.000000 3.826827
6.060606 4.420766 3.685299 5.156233
7.070707 5.243630 4.316198 6.171063
8.080808 5.953232 5.548202 6.358261
9.090909 6.370408 5.916331 6.824485
10.101010 7.018123 6.750168 7.286077
11.111111 7.791596 7.404885 8.178307
12.121212 8.493015 8.098029 8.888002
13.131313 9.005227 8.633471 9.376984
14.141414 9.413505 9.032177 9.794832
15.151515 9.833179 9.472627 10.193730
16.161616 10.263798 9.902353 10.625242
17.171717 10.666130 10.298027 11.034233
18.181818 11.005927 10.590155 11.421698
19.191919 11.175976 10.746507 11.605445
20.202020 11.270672 10.851180 11.690164
21.212121 11.368613 10.828313 11.908914
22.222222 11.539897 10.824577 12.255217
23.232323 11.773226 10.847262 12.699191
24.242424 12.470771 11.930741 13.010801
25.252525 13.476521 13.048060 13.904981
26.262626 14.589400 14.381396 14.797405
27.272727 15.793005 15.211492 16.374518
28.282828 16.639224 16.264069 17.014379
29.292929 17.295867 17.031984 17.559749
30.303030 17.440951 16.567756 18.314146
31.313131 17.535325 15.922136 19.148514
32.323232 17.643832 15.934899 19.352765
33.333333 17.934855 16.015796 19.853914
34.343434 18.154076 16.268917 20.039234
35.353535 18.320229 16.057465 20.582993
36.363636 17.152350 15.308770 18.995930
37.373737 12.850967 7.314028 18.387906
38.383838 11.555903 6.753557 16.358249
39.393939 10.519284 7.353073 13.685495
40.404040 9.828007 7.561095 12.094920
41.414141 9.676203 7.723430 11.628976
42.424242 9.399770 7.261759 11.537781
43.434343 8.909816 7.177661 10.641971
44.444444 8.544950 7.837676 9.252224
45.454545 8.253793 8.252804 8.254782
46.464646 8.254178 8.254174 8.254181
47.474747 8.342474 8.241954 8.442994
48.484848 8.451824 8.303219 8.600429
49.494949 8.556118 8.556114 8.556121
50.505051 8.556118 8.556114 8.556121
51.515152 8.556118 8.556114 8.556121
52.525253 8.556118 8.556114 8.556121
53.535354 8.556118 8.556114 8.556121
54.545455 8.556118 8.556114 8.556121
55.555556 8.556118 8.556114 8.556121
56.565657 8.556118 8.556114 8.556121
57.575758 8.561180 8.548165 8.574195
58.585859 8.615526 8.462787 8.768265
59.595960 8.615526 8.462787 8.768265
60.606061 8.746378 8.508795 8.983960
61.616162 8.928124 8.776558 9.079690
62.626263 9.016885 8.951998 9.081771
63.636364 9.016885 8.951998 9.081771
64.646465 9.063232 9.008956 9.117509
65.656566 9.100723 8.950058 9.251387
66.666667 9.100723 8.950058 9.251387
67.676768 9.044123 9.038977 9.049268
68.686869 9.044123 9.038977 9.049268
69.696970 9.044123 9.038977 9.049268
70.707071 9.055198 9.027555 9.082842
71.717172 9.102767 8.953194 9.252341
72.727273 9.094698 8.972247 9.217149
73.737374 9.145654 8.889101 9.402206
74.747475 9.047133 9.041378 9.052888
75.757576 9.067284 9.018465 9.116104
76.767677 9.087120 9.026577 9.147663
77.777778 9.204735 8.958686 9.450783
78.787879 9.145063 8.960139 9.329987
79.797980 9.143686 8.889797 9.397575
80.808081 9.045430 9.036461 9.054400
81.818182 9.147053 8.990756 9.303351
82.828283 9.138684 8.939049 9.338318
83.838384 9.106130 8.968320 9.243940
84.848485 9.018839 8.921553 9.116126
85.858586 9.035985 8.878715 9.193255
86.868687 9.124131 8.834031 9.414231
87.878788 9.254266 8.718730 9.789802
88.888889 9.012435 8.875564 9.149306
89.898990 9.012143 8.875513 9.148773
90.909091 8.968027 8.849788 9.086267
91.919192 8.931140 8.833481 9.028798
92.929293 8.931711 8.712735 9.150687
93.939394 8.873709 8.769737 8.977680
94.949495 8.866287 8.758548 8.974026
95.959596 8.842906 8.777721 8.908091
96.969697 8.816271 8.815999 8.816543
97.979798 8.845457 8.812943 8.877971
98.989899 5.471852 0.904771 10.038933
100.000000 0.270106 0.226656 0.313556
