# fraction_pct mean ci_low ci_high
0.000000 0.002522 0.001303 0.003741
1.010101 4.946421 1.766839 8.126003
2.020202 8.553644 6.998254 10.109034
3.030303 10.133812 9.559626 10.707999
4.040404 11.682848 10.905549 12.460147
5.050505 12.159360 11.939793 12.378927
6.060606 12.411211 12.297804 12.524618
7.070707 12.431602 12.326316 12.536887
8.080808 12.773134 12.346552 13.199716
9.090909 13.157752 12.452208 13.863297
10.101010 13.445229 12.744593 14.145866
11.111111 14.027342 13.572343 14.482341
12.121212 14.190596 13.818324 14.562867
13.131313 14.286445 13.730520 14.842370
14.141414 14.313423 13.697987 14.928859
15.151515 14.313448 13.697956 14.928941
16.161616 14.313473 13.697984 14.928962
17.171717 14.313473 13.697984 14.928962
18.181818 14.313473 13.697984 14.928962
19.191919 14.313473 13.697984 14.928962
20.202020 14.313473 13.697984 14.928962
21.212121 14.312620 13.699048 14.926191
22.222222 14.310846 13.701255 14.920437
23.232323 14.307160 13.705818 14.908502
24.242424 14.295557 13.720488 14.870625
25.252525 14.233478 13.694853 14.772102
26.262626 13.940151 13.306556 14.573746
27.272727 13.088768 11.947296 14.230239
28.282828 12.164999 11.476391 12.853607
29.292929 11.319480 10.482675 12.156285
30.303030 9.854034 8.679516 11.028553
31.313131 7.105189 5.964486 8.245892
32.323232 4.933018 4.212018 5.654019
33.333333 4.154247 3.865852 4.442642
34.343434 4.180642 3.891929 4.469354
35.353535 4.235149 3.914718 4.555580
36.363636 4.309424 3.963625 4.655224
37.373737 4.317329 3.946037 4.688620
38.383838 4.328246 3.961989 4.694503
39.393939 4.336501 3.971234 4.701768
40.404040 4.341563 3.975994 4.707132
41.414141 4.343084 3.977346 4.708821
42.424242 4.343987 3.978922 4.709052
43.434343 4.351150 3.971642 4.730658
44.444444 4.401714 4.078341 4.725086
45.454545 4.550182 4.220700 4.879663
46.464646 4.713972 4.218715 5.209230
47.474747 5.091900 4.751932 5.431868
48.484848 5.645390 5.347199 5.943580
49.494949 6.176581 5.997844 6.355317
50.505051 6.659033 6.396663 6.921403
51.515152 7.155898 6.621392 7.690405
52.525253 7.208949 6.646958 7.770940
53.535354 7.228486 6.661334 7.795639
54.545455 7.352506 7.024616 7.680396
55.555556 7.358256 7.022673 7.693839
56.565657 7.369760 7.028711 7.710809
57.575758 7.459400 7.237255 7.681545
58.585859 7.479302 7.258922 7.699683
59.595960 7.938711 7.390453 8.486969
60.606061 8.286654 8.089628 8.483680
61.616162 8.500443 8.091554 8.909331
62.626263 8.758721 8.334265 9.183176
63.636364 8.773230 8.360118 9.186341
64.646465 8.867612 8.440711 9.294513
65.656566 8.896587 8.515181 9.277993
66.666667 8.900736 8.516262 9.285209
67.676768 8.945314 8.643465 9.247164
68.686869 8.960849 8.651640 9.270058
69.696970 8.973679 8.660123 9.287235
70.707071 8.996008 8.693046 9.298970
71.717172 9.027922 8.713559 9.342285
72.727273 9.067749 8.721126 9.414372
73.737374 9.142759 8.764939 9.520579
74.747475 9.168115 8.780056 9.556175
75.757576 9.179965 8.790092 9.569838
76.767677 9.189645 8.798822 9.580469
77.777778 9.223280 8.845156 9.601403
78.787879 9.246585 8.864856 9.628314
79.797980 9.298785 9.002979 9.594590
80.808081 9.318241 8.996104 9.640378
81.818182 9.324504 8.998317 9.650691
82.828283 9.404561 9.056155 9.752968
83.838384 9.436281 9.098020 9.774541
84.848485 9.468831 9.140942 9.796720
85.858586 9.512554 9.146464 9.878643
86.868687 9.534568 9.151180 9.917957
87.878788 9.602408 9.189997 10.014819
88.888889 9.632096 9.216780 10.047412
89.898990 9.637741 9.219345 10.056137
90.909091 9.647449 9.217591 10.077307
91.919192 9.657879 9.221444 10.094314
92.929293 9.672364 9.225256 10.119472
93.939394 9.689595 9.238191 10.140999
94.949495 9.703857 9.247829 10.159884
95.959596 9.724472 9.258082 10.190863
96.969697 9.741819 9.273693 10.209945
97.979798 9.752431 9.279414 10.225447
98.989899 9.755147 9.286674 10.223621
100.000000 1.212280 0.000000 4.329052
