# time_s density
139.788805 2.58391626e-05
139.861988 3.14514239e-05
139.935171 3.81927713e-05
140.008354 4.62701684e-05
140.081538 5.59242417e-05
140.154721 6.7433906e-05
140.227904 8.11214664e-05
140.301088 9.73582173e-05
140.374271 0.000116570555
140.447454 0.00013924661
140.520638 0.000165943411
140.593821 0.000197294561
140.667004 0.000234018415
140.740188 0.000276926741
140.813371 0.000326933798
140.886554 0.000385065792
140.959738 0.00045247063
141.032921 0.000530427877
141.106104 0.000620358789
141.179288 0.000723836317
141.252471 0.000842594889
141.325654 0.00097853981
141.398837 0.00113375607
141.472021 0.00131051635
141.545204 0.00151128793
141.618387 0.00173873829
141.691571 0.00199573908
141.764754 0.0022853682
141.837937 0.00261090958
141.911121 0.0029758505
141.984304 0.00338387601
142.057487 0.00383886015
142.130671 0.00434485375
142.203854 0.00490606848
142.277037 0.0055268569
142.350221 0.00621168831
142.423404 0.00696512031
142.496587 0.00779176587
142.569771 0.00869625594
142.642954 0.00968319768
142.716137 0.0107571283
142.78932 0.0119224651
142.862504 0.0131834512
142.935687 0.0145440988
143.00887 0.0160081291
143.082054 0.0175789097
143.155237 0.0192593921
143.22842 0.0210520466
143.301604 0.0229587996
143.374787 0.0249809708
143.44797 0.0271192139
143.521154 0.0293734603
143.594337 0.0317428683
143.66752 0.0342257778
143.740704 0.0368196721
143.813887 0.0395211492
143.88707 0.0423259009
143.960254 0.0452287039
144.033437 0.0482234212
144.10662 0.0513030159
144.179803 0.054459578
144.252987 0.0576843634
144.32617 0.0609678465
144.399353 0.0642997861
144.472537 0.067669303
144.54572 0.0710649706
144.618903 0.0744749163
144.692087 0.0778869325
144.76527 0.0812885969
144.838453 0.0846673992
144.911637 0.0880108733
144.98482 0.0913067325
145.058003 0.0945430052
145.131187 0.0977081695
145.20437 0.100791284
145.277553 0.103782113
145.350737 0.106671239
145.42392 0.109450174
145.497103 0.112111444
145.570286 0.114648671
145.64347 0.117056631
145.716653 0.119331295
145.789836 0.121469853
145.86302 0.123470715
145.936203 0.125333493
146.009386 0.127058961
146.08257 0.128649
146.155753 0.130106515
146.228936 0.131435341
146.30212 0.132640134
146.375303 0.13372624
146.448486 0.134699563
146.52167 0.135566413
146.594853 0.136333358
146.668036 0.137007066
146.74122 0.13759415
146.814403 0.13810102
146.887586 0.138533733
146.960769 0.13889786
147.033953 0.139198367
147.107136 0.139439502
147.180319 0.139624714
147.253503 0.139756574
147.326686 0.139836736
147.399869 0.139865905
147.473053 0.13984384
147.546236 0.139769368
147.619419 0.139640434
147.692603 0.139454164
147.765786 0.139206949
147.838969 0.138894554
147.912153 0.138512236
147.985336 0.138054881
148.058519 0.137517154
148.131703 0.136893646
148.204886 0.136179043
148.278069 0.13536828
148.351252 0.134456703
148.424436 0.133440221
148.497619 0.13231545
148.570802 0.131079852
148.643986 0.129731842
148.717169 0.1282709
148.790352 0.126697646
148.863536 0.125013906
148.936719 0.123222745
149.009902 0.121328487
149.083086 0.119336704
149.156269 0.117254188
149.229452 0.115088891
149.302636 0.112849856
149.375819 0.110547113
149.449002 0.108191568
149.522186 0.10579487
149.595369 0.103369265
149.668552 0.100927435
149.741735 0.0984823388
149.814919 0.0960470317
149.888102 0.0936344962
149.961285 0.0912574657
150.034469 0.0889282532
150.107652 0.0866585866
150.180835 0.084459452
150.254019 0.0823409496
150.327202 0.0803121618
150.400385 0.0783810383
150.473569 0.0765542972
150.546752 0.0748373459
150.619935 0.0732342212
150.693119 0.0717475497
150.766302 0.0703785291
150.839485 0.0691269304
150.912669 0.0679911197
150.985852 0.0669681006
151.059035 0.0660535747
151.132218 0.0652420195
151.205402 0.0645267826
151.278585 0.0639001896
151.351768 0.063353665
151.424952 0.0628778625
151.498135 0.0624628042
151.571318 0.0620980247
151.644502 0.0617727199
151.717685 0.0614758962
151.790868 0.0611965193
151.864052 0.0609236594
151.937235 0.0606466318
152.010418 0.0603551305
152.083602 0.0600393522
152.156785 0.0596901106
152.229968 0.0592989391
152.303152 0.05885818
152.376335 0.0583610602
152.449518 0.0578017527
152.522701 0.0571754226
152.595885 0.0564782586
152.669068 0.0557074893
152.742251 0.0548613847
152.815435 0.0539392436
152.888618 0.0529413674
152.961801 0.0518690216
153.034985 0.0507243857
153.108168 0.0495104923
153.181351 0.0482311584
153.254535 0.0468909074
153.327718 0.045494887
153.400901 0.0440487807
153.474085 0.0425587175
153.547268 0.041031179
153.620451 0.0394729072
153.693635 0.0378908128
153.766818 0.0362918865
153.840001 0.0346831132
153.913184 0.033071392
153.986368 0.0314634609
154.059551 0.0298658281
154.132734 0.0282847103
154.205918 0.026725979
154.279101 0.0251951137
154.352284 0.0236971639
154.425468 0.0222367185
154.498651 0.0208178833
154.571834 0.0194442667
154.645018 0.0181189719
154.718201 0.0168445963
154.791384 0.0156232382
154.864568 0.0144565076
154.937751 0.0133455443
155.010934 0.0122910384
155.084118 0.0112932569
155.157301 0.0103520714
155.230484 0.00946698983
155.303667 0.00863718927
155.376851 0.00786155022
155.450034 0.00713869143
155.523217 0.00646700478
155.596401 0.00584468974
155.669584 0.00526978689
155.742767 0.00474021022
155.815951 0.0042537778
155.889134 0.00380824053
155.962317 0.00340130884
156.035501 0.00303067716
156.108684 0.00269404598
156.181867 0.00238914155
156.255051 0.00211373314
156.328234 0.00186564795
156.401417 0.00164278369
156.474601 0.00144311889
156.547784 0.00126472118
156.620967 0.00110575354
156.69415 0.000964478783
156.767334 0.000839262366
156.840517 0.000728573704
156.9137 0.000630986196
156.986884 0.000545176091
157.060067 0.000469920382
157.13325 0.000404093873
157.206434 0.000346665578
157.279617 0.000296694584
157.3528 0.000253325517
157.425984 0.000215783708
157.499167 0.000183370195
157.57235 0.000155456613
157.645534 0.000131480093
157.718717 0.000110938206
157.7919 9.33840261e-05
157.865084 7.84213584e-05
157.938267 6.57001603e-05
158.01145 5.49121933e-05
158.084633 4.57869208e-05
158.157817 3.80876664e-05
158.231 3.16080399e-05
158.304183 2.61686329e-05
158.377367 2.16139812e-05
158.45055 1.78097885e-05
