# fraction_pct mean ci_low ci_high
0.000000 0.000000 0.000000 0.000000
1.010101 0.000000 0.000000 0.000000
2.020202 0.000000 0.000000 0.000000
3.030303 0.000000 0.000000 0.000000
4.040404 2.913180 2.226592 3.599768
5.050505 5.417528 5.006262 5.828794
6.060606 7.739306 6.930085 8.548526
7.070707 6.198992 4.005695 8.392288
8.080808 5.351512 3.594910 7.108114
9.090909 4.515616 3.494409 5.536823
10.101010 4.098878 4.048652 4.149105
11.111111 4.118416 4.118405 4.118426
12.121212 4.118416 4.118405 4.118426
13.131313 4.118416 4.118405 4.118426
14.141414 4.118416 4.118405 4.118426
15.151515 4.118416 4.118405 4.118426
16.161616 4.118416 4.118405 4.118426
17.171717 4.118416 4.118405 4.118426
18.181818 4.118416 4.118405 4.118426
19.191919 4.112259 4.106721 4.117798
20.202020 4.109416 4.105192 4.113640
21.212121 4.107771 4.107760 4.107781
22.222222 4.099614 4.078650 4.120578
23.232323 4.099614 4.078650 4.120578
24.242424 4.099614 4.078650 4.120578
25.252525 4.099614 4.078650 4.120578
26.262626 4.091457 4.065774 4.117140
27.272727 4.091457 4.065774 4.117140
28.282828 4.085962 4.060445 4.111479
29.292929 4.064043 4.059411 4.068675
30.303030 4.064043 4.059411 4.068675
31.313131 4.064043 4.059411 4.068675
32.323232 4.064043 4.059411 4.068675
33.333333 4.064043 4.059411 4.068675
34.343434 4.064043 4.059411 4.068675
35.353535 4.061100 4.057312 4.064887
36.363636 4.059336 4.052747 4.065925
37.373737 4.054794 4.047051 4.062538
38.383838 4.052008 4.046757 4.057259
39.393939 4.051678 4.046404 4.056951
40.404040 4.051678 4.046404 4.056951
41.414141 4.051678 4.046404 4.056951
42.424242 4.051678 4.046404 4.056951
43.434343 4.051678 4.046404 4.056951
44.444444 4.051678 4.046404 4.056951
45.454545 4.051678 4.046404 4.056951
46.464646 4.065406 4.052535 4.078277
47.474747 4.055460 4.040546 4.070373
48.484848 4.049450 4.048023 4.050876
49.494949 4.049450 4.048023 4.050876
50.505051 4.049450 4.048023 4.050876
51.515152 4.049450 4.048023 4.050876
52.525253 4.049450 4.048023 4.050876
53.535354 4.050620 4.047851 4.053388
54.545455 4.050620 4.047851 4.053388
55.555556 4.064194 4.029059 4.099329
56.565657 4.048993 4.047831 4.050156
57.575758 4.048545 4.048519 4.048571
58.585859 4.048545 4.048519 4.048571
59.595960 4.048545 4.048519 4.048571
60.606061 4.048545 4.048519 4.048571
61.616162 4.048545 4.048519 4.048571
62.626263 4.048545 4.048519 4.048571
63.636364 4.051850 4.043334 4.060366
64.646465 4.048537 4.048520 4.048554
65.656566 4.048529 4.048519 4.048539
66.666667 4.048529 4.048519 4.048539
67.676768 4.048529 4.048519 4.048539
68.686869 4.048529 4.048519 4.048539
69.696970 4.048529 4.048519 4.048539
70.707071 4.048529 4.048519 4.048539
71.717172 4.048529 4.048519 4.048539
72.727273 4.048529 4.048519 4.048539
73.737374 4.048529 4.048519 4.048539
74.747475 4.048529 4.048519 4.048539
75.757576 4.048529 4.048519 4.048539
76.767677 4.048529 4.048519 4.048539
77.777778 4.048529 4.048519 4.048539
78.787879 4.048529 4.048519 4.048539
79.797980 4.048529 4.048519 4.048539
80.808081 4.052853 4.041739 4.063967
81.818182 4.048529 4.048519 4.048539
82.828283 4.048529 4.048519 4.048540
83.838384 4.048529 4.048519 4.048540
84.848485 4.048529 4.048519 4.048540
85.858586 4.048529 4.048519 4.048540
86.868687 4.048529 4.048519 4.048540
87.878788 4.048529 4.048519 4.048540
88.888889 4.048529 4.048519 4.048540
89.898990 4.048529 4.048519 4.048540
90.909091 4.048529 4.048519 4.048539
91.919192 4.048529 4.048519 4.048539
92.929293 4.048529 4.048519 4.048539
93.939394 4.048529 4.048519 4.048539
94.949495 4.048529 4.048519 4.048539
95.959596 4.048529 4.048519 4.048539
96.969697 4.055872 4.036997 4.074747
97.979798 3.246705 1.167214 5.326197
98.989899 1.633897 0.000000 4.188259
100.000000 0.011473 0.011473 0.011474
