# fraction_pct mean ci_low ci_high
0.000000 0.000749 0.000000 0.002656
1.010101 8.193479 8.020304 8.366654
2.020202 9.535376 9.386498 9.684254
3.030303 11.177919 10.944213 11.411625
4.040404 12.400699 12.347455 12.453943
5.050505 12.426602 12.355208 12.497995
6.060606 12.446819 12.381389 12.512250
7.070707 12.477142 12.401336 12.552948
8.080808 12.480988 12.406099 12.555877
9.090909 12.492704 12.424894 12.560513
10.101010 12.494124 12.423903 12.564345
11.111111 12.514700 12.445979 12.583422
12.121212 12.518620 12.450777 12.586464
13.131313 12.520960 12.452190 12.589730
14.141414 17.334077 14.398628 20.269526
15.151515 20.378118 20.054600 20.701637
16.161616 23.354008 22.102167 24.605849
17.171717 25.078819 24.689513 25.468124
18.181818 28.073107 27.113571 29.032643
19.191919 27.613965 26.413258 28.814672
20.202020 26.789193 25.499867 28.078518
21.212121 26.720164 25.435890 28.004439
22.222222 25.592654 25.041107 26.144201
23.232323 24.863149 24.336406 25.389892
24.242424 25.226250 25.024337 25.428163
25.252525 25.158670 24.961219 25.356121
26.262626 25.477315 24.932943 26.021686
27.272727 26.210282 25.388580 27.031983
28.282828 27.675736 25.921280 29.430192
29.292929 26.422416 24.867466 27.977366
30.303030 24.722619 24.209235 25.236003
31.313131 24.242219 23.223574 25.260865
32.323232 23.538859 22.227766 24.849953
33.333333 24.456954 23.264305 25.649604
34.343434 25.231110 25.050873 25.411347
35.353535 25.970488 25.481513 26.459462
36.363636 27.174691 25.427233 28.922150
37.373737 26.331102 25.022277 27.639926
38.383838 26.136411 24.633562 27.639260
39.393939 24.832925 23.900791 25.765059
40.404040 24.098718 23.588747 24.608689
41.414141 24.207666 23.551271 24.864061
42.424242 24.489662 23.948398 25.030925
43.434343 25.089052 24.758038 25.420066
44.444444 25.987938 24.941163 27.034714
45.454545 27.563723 26.679910 28.447536
46.464646 28.682468 28.298501 29.066435
47.474747 27.483401 25.905058 29.061744
48.484848 26.764075 25.195593 28.332557
49.494949 26.130226 24.328367 27.932084
50.505051 25.588765 23.633832 27.543698
51.515152 26.148017 24.442480 27.853555
52.525253 26.646086 25.169330 28.122842
53.535354 27.991502 27.198363 28.784642
54.545455 28.783596 28.370264 29.196929
55.555556 28.342530 27.497971 29.187089
56.565657 27.419570 26.452096 28.387043
57.575758 26.200815 25.297841 27.103788
58.585859 25.206992 24.793609 25.620376
59.595960 24.930020 24.394892 25.465149
60.606061 25.449476 25.126948 25.772004
61.616162 26.956037 26.473885 27.438189
62.626263 27.369496 26.364803 28.374189
63.636364 27.598295 26.491455 28.705136
64.646465 27.887155 27.213655 28.560655
65.656566 27.772788 26.291542 29.254034
66.666667 27.750749 26.218326 29.283173
67.676768 27.800501 26.383017 29.217986
68.686869 28.163829 27.157564 29.170094
69.696970 28.190749 27.232716 29.148781
70.707071 28.383344 27.662616 29.104073
71.717172 28.369656 27.640563 29.098748
72.727273 28.249398 27.386505 29.112291
73.737374 28.039020 26.783231 29.294809
74.747475 28.042712 26.794773 29.290651
75.757576 28.051742 26.822903 29.280581
76.767677 28.152939 27.126481 29.179397
77.777778 28.222083 27.316758 29.127407
78.787879 28.409474 27.700122 29.118825
79.797980 28.471122 27.763618 29.178626
80.808081 28.532633 28.164856 28.900410
81.818182 26.977886 25.530739 28.425033
82.828283 25.751908 24.712631 26.791186
83.838384 24.993498 23.732136 26.254860
84.848485 24.879731 23.336284 26.423177
85.858586 25.541047 24.884826 26.197267
86.868687 25.642369 25.242855 26.041884
87.878788 26.029970 25.230444 26.829497
88.888889 26.713393 25.108676 28.318110
89.898990 26.860984 25.210518 28.511450
90.909091 26.280074 23.658921 28.901227
91.919192 25.990055 22.641269 29.338841
92.929293 25.750087 21.518850 29.981323
93.939394 25.574986 21.048422 30.101550
94.949495 26.370551 22.906264 29.834839
95.959596 27.143044 24.998594 29.287495
96.969697 27.569913 25.833757 29.306069
97.979798 22.144520 7.871762 36.417277
98.989899 11.516523 0.000000 29.650197
100.000000 0.000000 0.000000 0.000000
