# time_s density
238.299668 1.22938631e-05
238.411558 1.50365325e-05
238.523447 1.83451664e-05
238.635336 2.23260147e-05
238.747225 2.71029991e-05
238.859114 3.2820194e-05
238.971004 3.96445681e-05
239.082893 4.77690001e-05
239.194782 5.74155776e-05
239.306671 6.88391865e-05
239.418561 8.23313925e-05
239.53045 9.82246148e-05
239.642339 0.000116896584
239.754228 0.00013877507
239.866117 0.000164342867
239.978007 0.000194142993
240.089896 0.000228784085
240.201785 0.000268945937
240.313674 0.000315385116
240.425564 0.000368940612
240.537453 0.000430539429
240.649342 0.00050120203
240.761231 0.000582047556
240.873121 0.000674298688
240.98501 0.000779286059
241.096899 0.000898452067
241.208788 0.00103335398
241.320677 0.00118566618
241.432567 0.00135718138
241.544456 0.00154981075
241.656345 0.00176558273
241.768234 0.0020066404
241.880124 0.0022752373
241.992013 0.00257373163
242.103902 0.0029045786
242.215791 0.00327032094
242.32768 0.0036735775
242.43957 0.00411702977
242.551459 0.00460340657
242.663348 0.00513546659
242.775237 0.00571597911
242.887127 0.00634770279
242.999016 0.00703336281
243.110905 0.0077756263
243.222794 0.00857707651
243.334683 0.00944018569
243.446573 0.0103672872
243.558462 0.0113605466
243.670351 0.0124219331
243.78224 0.0135531904
243.89413 0.014755808
244.006019 0.0160309935
244.117908 0.0173796457
244.229797 0.0188023292
244.341686 0.0202992509
244.453576 0.0218702387
244.565465 0.0235147221
244.677354 0.0252317165
244.789243 0.0270198095
244.901133 0.0288771513
245.013022 0.0308014477
245.124911 0.0327899577
245.2368 0.0348394933
245.348689 0.0369464248
245.460579 0.0391066882
245.572468 0.0413157972
245.684357 0.0435688588
245.796246 0.0458605918
245.908136 0.0481853494
246.020025 0.0505371445
246.131914 0.0529096781
246.243803 0.0552963708
246.355692 0.057690396
246.467582 0.0600847165
246.579471 0.0624721221
246.69136 0.0648452697
246.803249 0.0671967245
246.915139 0.0695190027
247.027028 0.0718046148
247.138917 0.0740461099
247.250806 0.0762361204
247.362695 0.0783674067
247.474585 0.0804329019
247.586474 0.0824257554
247.698363 0.0843393772
247.810252 0.086167479
247.922142 0.0879041161
248.034031 0.0895437255
248.14592 0.0910811634
248.257809 0.0925117388
248.369698 0.0938312456
248.481588 0.0950359898
248.593477 0.0961228146
248.705366 0.0970891199
248.817255 0.0979328785
248.929145 0.098652647
249.041034 0.0992475718
249.152923 0.0997173901
249.264812 0.100062425
249.376702 0.100283576
249.488591 0.100382302
249.60048 0.100360603
249.712369 0.100220994
249.824258 0.0999664698
249.936148 0.0996004769
250.048037 0.0991268692
250.159926 0.0985498684
250.271815 0.097874018
250.383705 0.0971041374
250.495594 0.0962452736
250.607483 0.0953026535
250.719372 0.0942816364
250.831261 0.0931876687
250.943151 0.0920262397
251.05504 0.0908028417
251.166929 0.0895229331
251.278818 0.0881919059
251.390708 0.0868150588
251.502597 0.0853975744
251.614486 0.0839445023
251.726375 0.0824607482
251.838264 0.0809510674
251.950154 0.079420064
252.062043 0.0778721945
252.173932 0.0763117764
252.285821 0.0747429988
252.397711 0.0731699372
252.5096 0.0715965693
252.621489 0.070026792
252.733378 0.0684644386
252.845267 0.0669132944
252.957157 0.065377111
253.069046 0.0638596173
253.180935 0.0623645274
253.292824 0.0608955433
253.404714 0.0594563535
253.516603 0.0580506257
253.628492 0.0566819942
253.740381 0.0553540411
253.85227 0.0540702727
253.96416 0.0528340896
254.076049 0.0516487524
254.187938 0.0505173436
254.299827 0.0494427245
254.411717 0.0484274915
254.523606 0.0474739295
254.635495 0.0465839654
254.747384 0.0457591223
254.859273 0.045000476
254.971163 0.0443086144
255.083052 0.0436836015
255.194941 0.0431249472
255.30683 0.042631583
255.41872 0.0422018465
255.530609 0.0418334728
255.642498 0.0415235955
255.754387 0.0412687575
255.866276 0.0410649299
255.978166 0.0409075421
256.090055 0.04079152
256.201944 0.0407113338
256.313833 0.0406610541
256.425723 0.040634415
256.537612 0.0406248851
256.649501 0.0406257422
256.76139 0.0406301539
256.87328 0.0406312605
256.985169 0.0406222592
257.097058 0.0405964886
257.208947 0.0405475122
257.320836 0.0404691988
257.432726 0.0403557987
257.544615 0.0402020144
257.656504 0.040003065
257.768393 0.039754743
257.880283 0.0394534618
257.992172 0.0390962946
258.104061 0.0386810033
258.21595 0.0382060571
258.327839 0.0376706407
258.439729 0.0370746523
258.551618 0.0364186914
258.663507 0.0357040373
258.775396 0.0349326179
258.887286 0.0341069703
258.999175 0.0332301946
259.111064 0.0323059
259.222953 0.0313381464
259.334842 0.0303313812
259.446732 0.0292903731
259.558621 0.0282201437
259.67051 0.0271258988
259.782399 0.0260129593
259.894289 0.024886694
260.006178 0.0237524547
260.118067 0.0226155147
260.229956 0.021481011
260.341845 0.0203538919
260.453735 0.0192388697
260.565624 0.0181403793
260.677513 0.0170625426
260.789402 0.0160091397
260.901292 0.0149835866
261.013181 0.0139889183
261.12507 0.013027779
261.236959 0.0121024179
261.348848 0.0112146904
261.460738 0.0103660644
261.572627 0.00955763139
261.684516 0.00879012157
261.796405 0.00806392255
261.908295 0.00737910095
262.020184 0.00673542644
262.132073 0.00613239761
262.243962 0.00556926905
262.355851 0.00504507926
262.467741 0.00455867873
262.57963 0.0041087579
262.691519 0.00369387442
262.803408 0.00331247958
262.915298 0.00296294337
263.027187 0.00264357813
263.139076 0.00235266042
263.250965 0.00208845113
263.362854 0.00184921359
263.474744 0.00163322969
263.586633 0.001438814
263.698522 0.00126432592
263.810411 0.00110817982
263.922301 0.000968853423
264.03419 0.000844894373
264.146079 0.000734925174
264.257968 0.000637646645
264.369857 0.00055184
264.481747 0.000476367719
264.593636 0.000410173345
264.705525 0.000352280363
264.817414 0.000301790286
264.929304 0.000257880105
265.041193 0.00021979921
265.153082 0.000186865908
265.264971 0.000158463644
265.376861 0.000134037024
265.48875 0.000113087723
265.600639 9.51703464e-05
265.712528 7.98883269e-05
265.824417 6.68898866e-05
265.936307 5.58641287e-05
266.048196 4.65372821e-05
266.160085 3.866913e-05
266.271974 3.2049641e-05
266.383864 2.64958164e-05
266.495753 2.18487602e-05
266.607642 1.79709748e-05
266.719531 1.47438807e-05
266.83142 1.2065555e-05
