# time_s density
6919.06181 7.4336349e-07
6920.72475 8.93008207e-07
6922.38769 1.07051157e-06
6924.05063 1.28058742e-06
6925.71357 1.52865447e-06
6927.37651 1.82092455e-06
6929.03945 2.16449913e-06
6930.70239 2.56747401e-06
6932.36533 3.03905272e-06
6934.02827 3.58966837e-06
6935.69121 4.23111421e-06
6937.35415 4.97668244e-06
6939.01709 5.84131105e-06
6940.68003 6.84173824e-06
6942.34297 7.99666347e-06
6944.00591 9.32691441e-06
6945.66885 1.08556184e-05
6947.33179 1.2608377e-05
6948.99473 1.46134423e-05
6950.65767 1.6901892e-05
6952.32061 1.95078021e-05
6953.98355 2.24684135e-05
6955.64648 2.58242908e-05
6957.30942 2.96194688e-05
6958.97236 3.39015844e-05
6960.6353 3.8721989e-05
6962.29824 4.41358393e-05
6963.96118 5.02021598e-05
6965.62412 5.6983876e-05
6967.28706 6.45478108e-05
6968.95 7.29646431e-05
6970.61294 8.23088213e-05
6972.27588 9.26584312e-05
6973.93882 0.000104095011
6975.60176 0.000116703314
6977.2647 0.000130571014
6978.92764 0.000145788349
6980.59058 0.000162447708
6982.25352 0.00018064316
6983.91646 0.000200469909
6985.5794 0.000222023709
6987.24234 0.000245400205
6988.90528 0.000270694233
6990.56822 0.000297999064
6992.23116 0.000327405612
6993.8941 0.000359001602
6995.55704 0.000392870715
6997.21998 0.000429091714
6998.88292 0.000467737569
7000.54586 0.000508874576
7002.2088 0.000552561512
7003.87174 0.0005988488
7005.53468 0.000647777737
7007.19762 0.000699379767
7008.86056 0.000753675834
7010.5235 0.000810675811
7012.18644 0.000870378033
7013.84938 0.000932768933
7015.51232 0.0009978228
7017.17526 0.00106550166
7018.83819 0.0011357553
7020.50113 0.00120852139
7022.16407 0.00128372584
7023.82701 0.00136128317
7025.48995 0.0014410971
7027.15289 0.00152306127
7028.81583 0.00160706005
7030.47877 0.00169296949
7032.14171 0.00178065832
7033.80465 0.00186998912
7035.46759 0.00196081943
7037.13053 0.00205300307
7038.79347 0.00214639129
7040.45641 0.0022408341
7042.11935 0.00233618143
7043.78229 0.00243228435
7045.44523 0.00252899614
7047.10817 0.00262617338
7048.77111 0.00272367676
7050.43405 0.00282137193
7052.09699 0.00291913011
7053.75993 0.00301682859
7055.42287 0.00311435098
7057.08581 0.00321158744
7058.74875 0.0033084346
7060.41169 0.00340479536
7062.07463 0.00350057857
7063.73757 0.00359569849
7065.40051 0.0036900742
7067.06345 0.00378362878
7068.72639 0.00387628856
7070.38933 0.00396798214
7072.05227 0.00405863947
7073.71521 0.00414819094
7075.37815 0.00423656638
7077.04109 0.00432369425
7078.70403 0.00440950079
7080.36697 0.00449390939
7082.0299 0.00457683999
7083.69284 0.00465820871
7085.35578 0.00473792764
7087.01872 0.0048159048
7088.68166 0.00489204433
7090.3446 0.00496624684
7092.00754 0.00503841002
7093.67048 0.00510842942
7095.33342 0.00517619939
7096.99636 0.00524161425
7098.6593 0.00530456951
7100.32224 0.00536496331
7101.98518 0.00542269787
7103.64812 0.00547768102
7105.31106 0.00552982772
7106.974 0.00557906159
7108.63694 0.00562531635
7110.29988 0.00566853711
7111.96282 0.00570868162
7113.62576 0.00574572121
7115.2887 0.00577964163
7116.95164 0.00581044356
7118.61458 0.00583814291
7120.27752 0.00586277078
7121.94046 0.0058843732
7123.6034 0.00590301047
7125.26634 0.00591875627
7126.92928 0.00593169649
7128.59222 0.00594192768
7130.25516 0.00594955537
7131.9181 0.0059546921
7133.58104 0.00595745522
7135.24398 0.00595796464
7136.90692 0.00595634041
7138.56986 0.00595270021
7140.2328 0.00594715687
7141.89574 0.00593981595
7143.55868 0.00593077335
7145.22161 0.00592011312
7146.88455 0.00590790538
7148.54749 0.00589420458
7150.21043 0.0058790479
7151.87337 0.0058624541
7153.53631 0.0058444226
7155.19925 0.00582493297
7156.86219 0.00580394478
7158.52513 0.00578139786
7160.18807 0.00575721292
7161.85101 0.00573129258
7163.51395 0.00570352276
7165.17689 0.00567377441
7166.83983 0.00564190556
7168.50277 0.0056077637
7170.16571 0.00557118837
7171.82865 0.00553201394
7173.49159 0.00549007261
7175.15453 0.00544519747
7176.81747 0.00539722565
7178.48041 0.00534600144
7180.14335 0.00529137937
7181.80629 0.00523322724
7183.46923 0.00517142891
7185.13217 0.00510588696
7186.79511 0.00503652513
7188.45805 0.00496329037
7190.12099 0.00488615471
7191.78393 0.00480511673
7193.44687 0.00472020265
7195.10981 0.00463146708
7196.77275 0.00453899338
7198.43569 0.00444289363
7200.09863 0.0043433082
7201.76157 0.004240405
7203.42451 0.00413437831
7205.08745 0.00402544729
7206.75039 0.00391385425
7208.41332 0.00379986255
7210.07626 0.00368375429
7211.7392 0.00356582783
7213.40214 0.0034463951
7215.06508 0.00332577877
7216.72802 0.00320430942
7218.39096 0.00308232253
7220.0539 0.00296015562
7221.71684 0.0028381453
7223.37978 0.00271662446
7225.04272 0.00259591955
7226.70566 0.00247634801
7228.3686 0.00235821586
7230.03154 0.00224181546
7231.69448 0.00212742357
7233.35742 0.00201529953
7235.02036 0.00190568374
7236.6833 0.00179879643
7238.34624 0.00169483662
7240.00918 0.00159398136
7241.67212 0.00149638526
7243.33506 0.00140218023
7244.998 0.00131147546
7246.66094 0.00122435766
7248.32388 0.00114089147
7249.98682 0.00106112009
7251.64976 0.000985066116
7253.3127 0.000912732421
7254.97564 0.000844103312
7256.63858 0.000779145705
7258.30152 0.000717810426
7259.96446 0.000660033576
7261.6274 0.000605737948
7263.29034 0.000554834467
7264.95328 0.000507223652
7266.61622 0.000462797058
7268.27916 0.000421438703
7269.9421 0.000383026457
7271.60503 0.000347433374
7273.26797 0.000314528968
7274.93091 0.000284180419
7276.59385 0.000256253689
7278.25679 0.000230614567
7279.91973 0.000207129618
7281.58267 0.000185667038
7283.24561 0.000166097418
7284.90855 0.000148294422
7286.57149 0.000132135358
7288.23443 0.000117501674
7289.89737 0.000104279366
7291.56031 9.23592916e-05
7293.22325 8.16374277e-05
7294.88619 7.20150378e-05
7296.54913 6.33987846e-05
7298.21207 5.57007781e-05
7299.87501 4.88385712e-05
7301.53795 4.27351073e-05
7303.20089 3.73186257e-05
7304.86383 3.25225319e-05
7306.52677 2.82852366e-05
7308.18971 2.45499702e-05
7309.85265 2.12645779e-05
7311.51559 1.83812987e-05
7313.17853 1.58565338e-05
7314.84147 1.3650608e-05
7316.50441 1.17275279e-05
7318.16735 1.00547384e-05
7319.83029 8.60288299e-06
7321.49323 7.34556705e-06
7323.15617 6.25912848e-06
7324.81911 5.32241597e-06
7326.48205 4.51657648e-06
7328.14499 3.82485305e-06
7329.80793 3.23239341e-06
7331.47087 2.72607001e-06
7333.13381 2.29431167e-06
7334.79674 1.92694686e-06
7336.45968 1.61505865e-06
7338.12262 1.35085094e-06
7339.78556 1.12752579e-06
7341.4485 9.39171354e-07
7343.11144 7.80659907e-07
