# fraction_pct mean ci_low ci_high
0.000000 0.000000 0.000000 0.000000
1.010101 0.000000 0.000000 0.000000
2.020202 0.000000 0.000000 0.000000
3.030303 0.000000 0.000000 0.000000
4.040404 0.000000 0.000000 0.000000
5.050505 0.000000 0.000000 0.000000
6.060606 0.000000 0.000000 0.000000
7.070707 0.000126 0.000000 0.000449
8.080808 0.094559 0.005185 0.183933
9.090909 0.334228 0.226727 0.441730
10.101010 0.539978 0.450570 0.629386
11.111111 0.706916 0.652038 0.761795
12.121212 0.972353 0.718367 1.226340
13.131313 1.173569 0.866952 1.480186
14.141414 1.498210 1.062799 1.933620
15.151515 1.646828 1.262573 2.031083
16.161616 1.750797 1.446304 2.055291
17.171717 1.826261 1.523744 2.128777
18.181818 1.923058 1.720747 2.125369
19.191919 2.031039 1.982675 2.079403
20.202020 2.051047 2.003316 2.098779
21.212121 2.054974 2.003305 2.106643
22.222222 2.064239 2.016247 2.112230
23.232323 2.078727 2.015444 2.142010
24.242424 2.095359 2.043772 2.146946
25.252525 2.100798 2.061805 2.139791
26.262626 2.119573 2.080001 2.159145
27.272727 2.119573 2.080001 2.159145
28.282828 2.119573 2.080001 2.159145
29.292929 2.119573 2.080001 2.159145
30.303030 2.119573 2.080001 2.159145
31.313131 2.119573 2.080001 2.159145
32.323232 2.119573 2.080001 2.159145
33.333333 2.121241 2.077379 2.165104
34.343434 2.121241 2.077379 2.165104
35.353535 2.121241 2.077379 2.165104
36.363636 2.121241 2.077379 2.165104
37.373737 2.130255 2.063219 2.197292
38.383838 2.137932 2.072956 2.202907
39.393939 2.150585 2.085631 2.215538
40.404040 2.184597 2.147790 2.221403
41.414141 2.203611 2.171027 2.236195
42.424242 2.233759 2.228114 2.239403
43.434343 2.233759 2.228114 2.239403
44.444444 2.235513 2.233065 2.237961
45.454545 2.235513 2.233065 2.237961
46.464646 2.235513 2.233065 2.237961
47.474747 2.235513 2.233065 2.237961
48.484848 2.235513 2.233065 2.237961
49.494949 2.235513 2.233065 2.237961
50.505051 2.235513 2.233065 2.237961
51.515152 2.244031 2.219682 2.268381
52.525253 2.248608 2.212492 2.284723
53.535354 2.234942 2.233960 2.235924
54.545455 2.247282 2.215785 2.278780
55.555556 2.280785 2.233263 2.328307
56.565657 2.271662 2.229066 2.314257
57.575758 2.271662 2.229066 2.314257
58.585859 2.271662 2.229066 2.314257
59.595960 2.271662 2.229066 2.314257
60.606061 2.271662 2.229066 2.314257
61.616162 2.271662 2.229066 2.314257
62.626263 2.281726 2.235714 2.327737
63.636364 2.289755 2.254106 2.325404
64.646465 2.237092 2.231337 2.242848
65.656566 2.250195 2.214628 2.285762
66.666667 2.278906 2.244431 2.313380
67.676768 2.256686 2.222473 2.290899
68.686869 2.244219 2.202482 2.285956
69.696970 2.246897 2.207662 2.286132
70.707071 2.232681 2.182931 2.282431
71.717172 2.231759 2.180495 2.283023
72.727273 2.234610 2.184811 2.284408
73.737374 2.225528 2.177687 2.273370
74.747475 2.216738 2.183026 2.250450
75.757576 2.214604 2.182810 2.246397
76.767677 2.214604 2.182810 2.246397
77.777778 2.214604 2.182810 2.246397
78.787879 2.220048 2.181963 2.258132
79.797980 2.216225 2.183047 2.249403
80.808081 2.210322 2.179658 2.240986
81.818182 2.210322 2.179658 2.240986
82.828283 2.212667 2.180875 2.244458
83.838384 2.208821 2.177524 2.240118
84.848485 2.205657 2.172308 2.239007
85.858586 2.206403 2.173045 2.239760
86.868687 2.204174 2.169706 2.238642
87.878788 2.201771 2.165100 2.238442
88.888889 2.202636 2.166690 2.238581
89.898990 2.200606 2.162912 2.238300
90.909091 2.200606 2.162912 2.238300
91.919192 2.199976 2.161610 2.238342
92.929293 2.199148 2.159966 2.238330
93.939394 2.198968 2.159593 2.238342
94.949495 2.181505 2.168598 2.194412
95.959596 2.172531 2.172525 2.172536
96.969697 2.115735 1.969715 2.261755
97.979798 0.101313 0.060837 0.141788
98.989899 0.074890 0.063404 0.086376
100.000000 0.069467 0.069448 0.069487
