# fraction_pct mean ci_low ci_high
0.000000 0.002448 0.001355 0.003540
1.010101 1.041485 1.026711 1.056258
2.020202 2.037146 2.016785 2.057506
3.030303 3.027715 2.988516 3.066914
4.040404 4.008304 3.956431 4.060177
5.050505 4.471269 4.452244 4.490293
6.060606 4.546213 4.496367 4.596058
7.070707 4.648294 4.575627 4.720962
8.080808 4.810477 4.663216 4.957737
9.090909 4.867633 4.748665 4.986602
10.101010 4.881322 4.758241 5.004403
11.111111 4.896319 4.783088 5.009550
12.121212 4.919032 4.807461 5.030602
13.131313 4.927103 4.809811 5.044395
14.141414 4.933790 4.820363 5.047218
15.151515 4.936318 4.821728 5.050909
16.161616 4.939593 4.826819 5.052367
17.171717 4.941841 4.829987 5.053695
18.181818 4.945172 4.833579 5.056766
19.191919 4.946632 4.834386 5.058877
20.202020 4.949974 4.835299 5.064648
21.212121 4.950515 4.835683 5.065347
22.222222 4.951081 4.835736 5.066425
23.232323 4.953774 4.842778 5.064769
24.242424 4.954288 4.843150 5.065425
25.252525 4.954741 4.843077 5.066405
26.262626 4.957049 4.845620 5.068478
27.272727 4.957078 4.845603 5.068553
28.282828 4.957102 4.845620 5.068583
29.292929 4.957108 4.845625 5.068591
30.303030 4.957134 4.845659 5.068609
31.313131 4.957136 4.845661 5.068611
32.323232 4.957136 4.845661 5.068611
33.333333 4.957244 4.845901 5.068587
34.343434 4.957995 4.846239 5.069752
35.353535 4.957995 4.846239 5.069752
36.363636 4.957996 4.846240 5.069753
37.373737 4.958422 4.847607 5.069238
38.383838 4.960448 4.847976 5.072921
39.393939 4.963338 4.847394 5.079282
40.404040 4.967526 4.852033 5.083018
41.414141 4.969518 4.857123 5.081914
42.424242 4.970443 4.856864 5.084022
43.434343 4.970489 4.856861 5.084118
44.444444 4.970720 4.856946 5.084495
45.454545 4.970764 4.857067 5.084461
46.464646 4.970764 4.857067 5.084461
47.474747 4.970764 4.857067 5.084461
48.484848 4.970764 4.857067 5.084461
49.494949 4.970764 4.857067 5.084461
50.505051 4.970771 4.857076 5.084465
51.515152 4.972187 4.860533 5.083841
52.525253 4.972198 4.860569 5.083828
53.535354 4.973628 4.861636 5.085621
54.545455 4.974446 4.862044 5.086848
55.555556 4.976472 4.861207 5.091738
56.565657 4.977682 4.862937 5.092428
57.575758 4.977682 4.862937 5.092428
58.585859 4.977682 4.862937 5.092428
59.595960 4.977682 4.862937 5.092428
60.606061 4.977682 4.862937 5.092428
61.616162 4.977689 4.862958 5.092420
62.626263 4.978954 4.866742 5.091166
63.636364 4.978179 4.864121 5.092237
64.646465 4.978647 4.864464 5.092830
65.656566 4.980143 4.867391 5.092895
66.666667 4.980728 4.868117 5.093339
67.676768 4.980775 4.868147 5.093403
68.686869 4.981253 4.868242 5.094265
69.696970 4.981281 4.868272 5.094289
70.707071 4.981790 4.868985 5.094594
71.717172 4.981609 4.868724 5.094495
72.727273 4.982705 4.870497 5.094913
73.737374 4.982275 4.870203 5.094348
74.747475 4.982556 4.870399 5.094713
75.757576 4.982624 4.870446 5.094802
76.767677 4.982924 4.870649 5.095198
77.777778 4.983306 4.870901 5.095711
78.787879 4.982259 4.870191 5.094326
79.797980 4.982259 4.870191 5.094326
80.808081 4.982281 4.870207 5.094355
81.818182 4.982395 4.870287 5.094503
82.828283 4.982726 4.870518 5.094934
83.838384 4.983305 4.872334 5.094276
84.848485 4.983410 4.872487 5.094333
85.858586 4.984088 4.872939 5.095236
86.868687 4.984408 4.873907 5.094910
87.878788 4.986956 4.872395 5.101516
88.888889 4.987280 4.872929 5.101632
89.898990 4.987296 4.872940 5.101652
90.909091 4.987296 4.872940 5.101652
91.919192 4.990060 4.873577 5.106543
92.929293 4.990081 4.873605 5.106557
93.939394 4.990743 4.875524 5.105962
94.949495 4.991816 4.875310 5.108322
95.959596 4.997895 4.878568 5.117221
96.969697 4.996523 4.879729 5.113317
97.979798 4.463917 3.165084 5.762750
98.989899 0.993803 0.141746 1.845861
100.000000 0.000000 0.000000 0.000000
