# time_s density
23.6554097 0.000225070683
23.6635869 0.00026802215
23.671764 0.000318598294
23.6799412 0.0003780396
23.6881184 0.000447767242
23.6962955 0.000529405685
23.7044727 0.000624807493
23.7126499 0.000736080461
23.720827 0.00086561718
23.7290042 0.00101612713
23.7371813 0.00119067139
23.7453585 0.00139269997
23.7535357 0.00162609185
23.7617128 0.00189519774
23.76989 0.00220488541
23.7780671 0.0025605876
23.7862443 0.00296835243
23.7944215 0.00343489595
23.8025986 0.00396765679
23.8107758 0.00457485239
23.818953 0.00526553667
23.8271301 0.00604965845
23.8353073 0.00693812024
23.8434844 0.00794283668
23.8516616 0.00907679201
23.8598388 0.0103540956
23.8680159 0.011790035
23.8761931 0.0134011249
23.8843702 0.0152051515
23.8925474 0.0172212112
23.9007246 0.0194697415
23.9089017 0.021972544
23.9170789 0.0247527967
23.9252561 0.0278350563
23.9334332 0.0312452461
23.9416104 0.0350106313
23.9497875 0.039159777
23.9579647 0.0437224906
23.9661419 0.0487297445
23.974319 0.0542135799
23.9824962 0.0602069885
23.9906734 0.0667437737
23.9988505 0.0738583874
24.0070277 0.0815857442
24.0152048 0.0899610112
24.023382 0.0990193742
24.0315592 0.108795779
24.0397363 0.119324651
24.0479135 0.130639589
24.0560906 0.142773042
24.0642678 0.155755964
24.072445 0.169617448
24.0806221 0.184384353
24.0887993 0.20008091
24.0969765 0.216728327
24.1051536 0.234344382
24.1133308 0.25294302
24.1215079 0.272533951
24.1296851 0.293122258
24.1378623 0.314708021
24.1460394 0.337285953
24.1542166 0.360845069
24.1623938 0.385368376
24.1705709 0.410832612
24.1787481 0.437208012
24.1869252 0.464458128
24.1951024 0.492539707
24.2032796 0.521402611
24.2114567 0.550989811
24.2196339 0.581237444
24.227811 0.612074931
24.2359882 0.643425175
24.2441654 0.675204828
24.2523425 0.707324628
24.2605197 0.739689816
24.2686969 0.772200621
24.276874 0.804752815
24.2850512 0.837238339
24.2932283 0.86954599
24.3014055 0.901562164
24.3095827 0.933171654
24.3177598 0.964258492
24.325937 0.994706829
24.3341141 1.02440184
24.3422913 1.05323065
24.3504685 1.08108326
24.3586456 1.10785351
24.3668228 1.13343996
24.375 1.1577468
24.3831771 1.18068473
24.3913543 1.20217176
24.3995314 1.22213396
24.4077086 1.24050618
24.4158858 1.25723264
24.4240629 1.27226751
24.4322401 1.28557528
24.4404173 1.29713119
24.4485944 1.30692141
24.4567716 1.31494319
24.4649487 1.3212049
24.4731259 1.3257259
24.4813031 1.32853637
24.4894802 1.32967701
24.4976574 1.32919856
24.5058345 1.32716134
24.5140117 1.32363458
24.5221889 1.31869575
24.530366 1.31242972
24.5385432 1.30492793
24.5467204 1.29628744
24.5548975 1.28660995
24.5630747 1.27600078
24.5712518 1.26456782
24.579429 1.25242048
24.5876062 1.23966859
24.5957833 1.22642138
24.6039605 1.21278642
24.6121376 1.19886861
24.6203148 1.18476927
24.628492 1.17058519
24.6366691 1.15640781
24.6448463 1.14232248
24.6530235 1.12840775
24.6612006 1.11473481
24.6693778 1.10136696
24.6775549 1.08835924
24.6857321 1.07575811
24.6939093 1.06360126
24.7020864 1.0519175
24.7102636 1.04072678
24.7184408 1.03004028
24.7266179 1.0198606
24.7347951 1.01018204
24.7429722 1.00099097
24.7511494 0.992266286
24.7593266 0.983979886
24.7675037 0.976097278
24.7756809 0.96857819
24.783858 0.961377246
24.7920352 0.954444673
24.8002124 0.947727035
24.8083895 0.941167982
24.8165667 0.934709014
24.8247439 0.928290234
24.832921 0.921851106
24.8410982 0.915331182
24.8492753 0.908670812
24.8574525 0.901811826
24.8656297 0.894698166
24.8738068 0.88727649
24.881984 0.879496714
24.8901612 0.87131251
24.8983383 0.862681741
24.9065155 0.853566847
24.9146926 0.843935157
24.9228698 0.833759153
24.931047 0.823016661
24.9392241 0.811690983
24.9474013 0.799770973
24.9555784 0.787251043
24.9637556 0.774131126
24.9719328 0.760416569
24.9801099 0.746117982
24.9882871 0.731251045
24.9964643 0.715836259
25.0046414 0.699898664
25.0128186 0.683467523
25.0209957 0.666575971
25.0291729 0.649260644
25.0373501 0.631561281
25.0455272 0.613520315
25.0537044 0.595182449
25.0618815 0.576594232
25.0700587 0.557803627
25.0782359 0.538859581
25.086413 0.519811612
25.0945902 0.500709393
25.1027674 0.48160236
25.1109445 0.462539339
25.1191217 0.443568183
25.1272988 0.424735446
25.135476 0.406086072
25.1436532 0.387663118
25.1518303 0.369507502
25.1600075 0.351657785
25.1681847 0.334149979
25.1763618 0.31701739
25.184539 0.300290491
25.1927161 0.283996826
25.2008933 0.268160942
25.2090705 0.252804351
25.2172476 0.237945526
25.2254248 0.223599909
25.2336019 0.209779964
25.2417791 0.196495231
25.2499563 0.183752419
25.2581334 0.171555509
25.2663106 0.159905874
25.2744878 0.148802415
25.2826649 0.138241713
25.2908421 0.128218179
25.2990192 0.118724229
25.3071964 0.109750449
25.3153736 0.101285774
25.3235507 0.0933176617
25.3317279 0.0858322718
25.339905 0.078814639
25.3480822 0.0722488447
25.3562594 0.0661181835
25.3644365 0.0604053231
25.3726137 0.0550924579
25.3807909 0.0501614534
25.388968 0.0455939825
25.3971452 0.0413716526
25.4053223 0.0374761217
25.4134995 0.0338892054
25.4216767 0.0305929734
25.4298538 0.0275698348
25.438031 0.0248026144
25.4462082 0.0222746182
25.4543853 0.0199696891
25.4625625 0.0178722534
25.4707396 0.0159673589
25.4789168 0.0142407031
25.487094 0.0126786553
25.4952711 0.0112682701
25.5034483 0.00999729465
25.5116254 0.00885417011
25.5198026 0.00782802698
25.5279798 0.00690867615
25.5361569 0.00608659548
25.5443341 0.00535291274
25.5525113 0.00469938553
25.5606884 0.00411837856
25.5688656 0.0036028389
25.5770427 0.00314626974
25.5852199 0.00274270284
25.5933971 0.00238667035
25.6015742 0.00207317616
25.6097514 0.00179766719
25.6179286 0.00155600484
25.6261057 0.00134443695
25.6342829 0.00115957027
25.64246 0.000998343858
25.6506372 0.000858003407
25.6588144 0.000736076596
25.6669915 0.000630349644
25.6751687 0.000538845067
25.6833458 0.000459800684
25.691523 0.000391649921
25.6997002 0.000333003382
25.7078773 0.000282631701
25.7160545 0.000239449649
25.7242317 0.000202501446
25.7324088 0.000170947263
25.740586 0.00014405084
