# time_s density
2161.24219 3.32904385e-06
2161.87014 3.99379864e-06
2162.49809 4.78145771e-06
2163.12605 5.71270797e-06
2163.754 6.8113207e-06
2164.38196 8.10453841e-06
2165.00991 9.62349778e-06
2165.63786 1.14036896e-05
2166.26582 1.34854567e-05
2166.89377 1.59145309e-05
2167.52173 1.87426075e-05
2168.14968 2.20279586e-05
2168.77763 2.5836082e-05
2169.40559 3.02403851e-05
2170.03354 3.53228999e-05
2170.6615 4.11750245e-05
2171.28945 4.7898288e-05
2171.9174 5.56051298e-05
2172.54536 6.44196881e-05
2173.17331 7.44785865e-05
2173.80126 8.59317099e-05
2174.42922 9.89429575e-05
2175.05717 0.000113690959
2175.68513 0.000130369738
2176.31308 0.000149189315
2176.94103 0.000170376212
2177.56899 0.000194173871
2178.19694 0.000220842932
2178.8249 0.000250661384
2179.45285 0.000283924535
2180.0808 0.000320944805
2180.70876 0.000362051312
2181.33671 0.000407589221
2181.96467 0.000457918854
2182.59262 0.000513414521
2183.22057 0.000574463074
2183.84853 0.000641462163
2184.47648 0.000714818168
2185.10444 0.000794943827
2185.73239 0.000882255532
2186.36034 0.000977170303
2186.9883 0.00108010244
2187.61625 0.00119145989
2188.24421 0.00131164029
2188.87216 0.00144102675
2189.50011 0.00157998348
2190.12807 0.00172885105
2190.75602 0.00188794169
2191.38398 0.00205753433
2192.01193 0.00223786969
2192.63988 0.00242914532
2193.26784 0.00263151075
2193.89579 0.00284506282
2194.52375 0.00306984118
2195.1517 0.00330582413
2195.77965 0.00355292488
2196.40761 0.0038109882
2197.03556 0.00407978768
2197.66351 0.0043590236
2198.29147 0.00464832149
2198.91942 0.0049472314
2199.54738 0.00525522808
2200.17533 0.00557171192
2200.80328 0.00589601087
2201.43124 0.0062273832
2202.05919 0.00656502128
2202.68715 0.0069080562
2203.3151 0.00725556335
2203.94305 0.00760656884
2204.57101 0.00796005676
2205.19896 0.00831497716
2205.82692 0.0086702547
2206.45487 0.00902479789
2207.08282 0.00937750869
2207.71078 0.00972729254
2208.33873 0.0100730685
2208.96669 0.0104137795
2209.59464 0.0107484022
2210.22259 0.0110759572
2210.85055 0.011395518
2211.4785 0.01170622
2212.10646 0.0120072686
2212.73441 0.0122979463
2213.36236 0.0125776188
2213.99032 0.0128457406
2214.61827 0.013101858
2215.24623 0.0133456125
2215.87418 0.0135767416
2216.50213 0.0137950788
2217.13009 0.014000552
2217.75804 0.0141931807
2218.386 0.0143730718
2219.01395 0.0145404142
2219.6419 0.0146954718
2220.26986 0.0148385762
2220.89781 0.0149701181
2221.52576 0.0150905376
2222.15372 0.0152003148
2222.78167 0.0152999587
2223.40963 0.0153899975
2224.03758 0.0154709672
2224.66553 0.0155434017
2225.29349 0.0156078226
2225.92144 0.0156647297
2226.5494 0.0157145923
2227.17735 0.0157578413
2227.8053 0.0157948623
2228.43326 0.0158259902
2229.06121 0.0158515045
2229.68917 0.0158716266
2230.31712 0.0158865174
2230.94507 0.015896278
2231.57303 0.0159009499
2232.20098 0.0159005176
2232.82894 0.0158949126
2233.45689 0.0158840179
2234.08484 0.0158676737
2234.7128 0.0158456844
2235.34075 0.0158178263
2235.96871 0.015783855
2236.59666 0.0157435147
2237.22461 0.0156965459
2237.85257 0.0156426948
2238.48052 0.0155817215
2239.10848 0.015513408
2239.73643 0.0154375658
2240.36438 0.0153540426
2240.99234 0.0152627285
2241.62029 0.0151635611
2242.24825 0.0150565288
2242.8762 0.0149416744
2243.50415 0.0148190963
2244.13211 0.014688949
2244.76006 0.014551442
2245.38801 0.0144068384
2246.01597 0.0142554515
2246.64392 0.0140976404
2247.27188 0.0139338055
2247.89983 0.0137643823
2248.52778 0.0135898351
2249.15574 0.0134106497
2249.78369 0.0132273261
2250.41165 0.0130403712
2251.0396 0.0128502905
2251.66755 0.0126575814
2252.29551 0.0124627255
2252.92346 0.0122661819
2253.55142 0.0120683812
2254.17937 0.0118697196
2254.80732 0.0116705548
2255.43528 0.0114712015
2256.06323 0.0112719291
2256.69119 0.0110729593
2257.31914 0.0108744657
2257.94709 0.0106765733
2258.57505 0.0104793602
2259.203 0.0102828591
2259.83096 0.0100870605
2260.45891 0.00989191623
2261.08686 0.0096973437
2261.71482 0.00950323107
2262.34277 0.0093094425
2262.97073 0.00911582401
2263.59868 0.0089222094
2264.22663 0.00872842643
2264.85459 0.00853430279
2265.48254 0.0083396721
2266.1105 0.00814437951
2266.73845 0.00794828702
2267.3664 0.00775127827
2267.99436 0.00755326287
2268.62231 0.00735418001
2269.25026 0.00715400152
2269.87822 0.00695273412
2270.50617 0.00675042102
2271.13413 0.00654714275
2271.76208 0.00634301725
2272.39003 0.00613819929
2273.01799 0.00593287919
2273.64594 0.0057272809
2274.2739 0.00552165954
2274.90185 0.00531629844
2275.5298 0.00511150565
2276.15776 0.00490761023
2276.78571 0.00470495813
2277.41367 0.00450390796
2278.04162 0.0043048266
2278.66957 0.00410808476
2279.29753 0.00391405264
2279.92548 0.00372309558
2280.55344 0.00353557005
2281.18139 0.00335181969
2281.80934 0.00317217181
2282.4373 0.0029969341
2283.06525 0.00282639176
2283.69321 0.002660805
2284.32116 0.00250040702
2284.94911 0.00234540227
2285.57707 0.00219596534
2286.20502 0.00205224006
2286.83298 0.00191433921
2287.46093 0.00178234442
2288.08888 0.00165630666
2288.71684 0.00153624688
2289.34479 0.00142215706
2289.97275 0.00131400155
2290.6007 0.00121171857
2291.22865 0.00111522201
2291.85661 0.00102440331
2292.48456 0.000939133497
2293.11251 0.000859265372
2293.74047 0.000784635645
2294.36842 0.000715067169
2294.99638 0.000650371137
2295.62433 0.000590349247
2296.25228 0.000534795802
2296.88024 0.000483499726
2297.50819 0.000436246478
2298.13615 0.000392819847
2298.7641 0.000353003613
2299.39205 0.000316583073
2300.02001 0.000283346414
2300.64796 0.000253085941
2301.27592 0.00022559915
2301.90387 0.000200689659
2302.53182 0.000178167984
2303.15978 0.000157852178
2303.78773 0.00013956834
2304.41569 0.000123150991
2305.04364 0.000108443336
2305.67159 9.52974188e-05
2306.29955 8.35741797e-05
2306.9275 7.31434212e-05
2307.55546 6.38837012e-05
2308.18341 5.56821571e-05
2308.81136 4.84342724e-05
2309.43932 4.2043596e-05
2310.06727 3.64214225e-05
2310.69523 3.1486442e-05
2311.32318 2.71643669e-05
2311.95113 2.33875438e-05
2312.57909 2.00945553e-05
2313.20704 1.72298181e-05
2313.835 1.47431834e-05
2314.46295 1.25895414e-05
2315.0909 1.07284363e-05
2315.71886 9.12369239e-06
2316.34681 7.74305548e-06
2316.97476 6.55785005e-06
2317.60272 5.54265472e-06
2318.23067 4.67499627e-06
2318.85863 3.93506304e-06
2319.48658 3.30543781e-06
2320.11453 2.77085023e-06
2320.74249 2.31794853e-06
2321.37044 1.93508973e-06
