# fraction_pct mean ci_low ci_high
0.000000 0.000000 0.000000 0.000000
1.010101 0.000000 0.000000 0.000000
2.020202 0.000000 0.000000 0.000000
3.030303 0.000000 0.000000 0.000000
4.040404 0.000000 0.000000 0.000000
5.050505 0.000000 0.000000 0.000000
6.060606 0.000000 0.000000 0.000000
7.070707 0.000000 0.000000 0.000000
8.080808 0.000000 0.000000 0.000000
9.090909 0.000000 0.000000 0.000000
10.101010 0.000000 0.000000 0.000000
11.111111 0.000000 0.000000 0.000000
12.121212 0.000000 0.000000 0.000000
13.131313 0.000000 0.000000 0.000000
14.141414 0.000000 0.000000 0.000000
15.151515 0.000000 0.000000 0.000000
16.161616 0.000000 0.000000 0.000000
17.171717 0.000000 0.000000 0.000000
18.181818 0.000000 0.000000 0.000000
19.191919 0.000000 0.000000 0.000000
20.202020 0.000000 0.000000 0.000000
21.212121 0.000000 0.000000 0.000000
22.222222 0.000000 0.000000 0.000000
23.232323 0.000000 0.000000 0.000000
24.242424 0.000000 0.000000 0.000000
25.252525 0.000000 0.000000 0.000000
26.262626 0.000000 0.000000 0.000000
27.272727 0.000000 0.000000 0.000000
28.282828 0.009649 0.000000 0.028885
29.292929 0.055245 0.000000 0.126101
30.303030 0.131399 0.035193 0.227606
31.313131 0.235239 0.029728 0.440749
32.323232 0.353930 0.086208 0.621653
33.333333 0.407504 0.135856 0.679151
34.343434 0.433895 0.167271 0.700519
35.353535 0.458273 0.196511 0.720036
36.363636 0.511145 0.266293 0.755996
37.373737 0.517100 0.275086 0.759114
38.383838 0.546563 0.303615 0.789512
39.393939 0.566378 0.323019 0.809737
40.404040 0.587335 0.342661 0.832010
41.414141 0.589239 0.344032 0.834447
42.424242 0.606741 0.350793 0.862689
43.434343 0.610751 0.353143 0.868358
44.444444 0.632609 0.361654 0.903564
45.454545 0.672540 0.425161 0.919919
46.464646 0.681164 0.428694 0.933634
47.474747 0.717801 0.459993 0.975609
48.484848 0.748472 0.471401 1.025543
49.494949 0.779739 0.479737 1.079741
50.505051 0.870778 0.452270 1.289285
51.515152 0.945808 0.437376 1.454240
52.525253 1.025597 0.363858 1.687336
53.535354 1.050258 0.362046 1.738471
54.545455 1.075735 0.386574 1.764896
55.555556 1.079295 0.388743 1.769846
56.565657 1.110290 0.417258 1.803321
57.575758 1.128547 0.421879 1.835216
58.585859 1.140427 0.436790 1.844064
59.595960 1.163783 0.488424 1.839143
60.606061 1.197979 0.498745 1.897214
61.616162 1.211156 0.510587 1.911725
62.626263 1.239212 0.544843 1.933581
63.636364 1.286249 0.570945 2.001554
64.646465 1.345088 0.698098 1.992078
65.656566 1.381203 0.736727 2.025679
66.666667 1.407824 0.765455 2.050194
67.676768 1.426902 0.787995 2.065809
68.686869 1.493909 0.862123 2.125695
69.696970 1.551900 0.924735 2.179064
70.707071 1.626718 1.014510 2.238926
71.717172 1.677827 1.072985 2.282668
72.727273 1.709769 1.104219 2.315319
73.737374 1.749369 1.178640 2.320098
74.747475 1.765430 1.207748 2.323113
75.757576 1.789267 1.237615 2.340920
76.767677 1.828061 1.315481 2.340641
77.777778 1.851000 1.365095 2.336905
78.787879 1.869314 1.403945 2.334683
79.797980 1.890896 1.480636 2.301155
80.808081 1.893294 1.489150 2.297437
81.818182 1.897820 1.505218 2.290421
82.828283 1.916720 1.566931 2.266508
83.838384 1.923437 1.587763 2.259111
84.848485 1.926570 1.598870 2.254270
85.858586 1.935807 1.626183 2.245432
86.868687 1.955827 1.654582 2.257073
87.878788 1.961842 1.668724 2.254960
88.888889 1.974731 1.716606 2.232855
89.898990 1.979557 1.733718 2.225396
90.909091 1.995487 1.790094 2.200880
91.919192 2.027326 1.861725 2.192927
92.929293 2.092046 2.090748 2.093345
93.939394 2.091219 2.091214 2.091224
94.949495 2.091219 2.091214 2.091224
95.959596 0.518572 0.000000 1.538143
96.969697 0.012103 0.010211 0.013995
97.979798 0.011367 0.011367 0.011368
98.989899 0.011367 0.011367 0.011368
100.000000 0.011367 0.011367 0.011368
