# fraction_pct mean ci_low ci_high
0.000000 0.001212 0.000835 0.001589
1.010101 0.244808 0.088071 0.401545
2.020202 0.528314 0.385193 0.671435
3.030303 0.803676 0.662527 0.944825
4.040404 1.079516 0.935777 1.223256
5.050505 1.348895 1.203189 1.494601
6.060606 1.624198 1.476137 1.772259
7.070707 1.926015 1.845804 2.006225
8.080808 2.225072 2.190824 2.259320
9.090909 2.497825 2.462581 2.533069
10.101010 2.769724 2.735335 2.804114
11.111111 3.041187 3.007360 3.075014
12.121212 3.312464 3.269780 3.355147
13.131313 3.586601 3.539201 3.634001
14.141414 3.853658 3.804302 3.903014
15.151515 4.118493 4.068129 4.168857
16.161616 4.313997 4.276055 4.351939
17.171717 4.394870 4.368433 4.421308
18.181818 4.457945 4.437188 4.478703
19.191919 4.484456 4.460378 4.508534
20.202020 4.516294 4.478063 4.554526
21.212121 4.529144 4.494962 4.563326
22.222222 4.542096 4.502444 4.581748
23.232323 4.545065 4.504407 4.585724
24.242424 4.547504 4.508342 4.586667
25.252525 4.555027 4.521775 4.588278
26.262626 4.636134 4.579938 4.692331
27.272727 4.707102 4.670001 4.744203
28.282828 4.725286 4.684138 4.766434
29.292929 4.786385 4.754251 4.818518
30.303030 4.836577 4.797028 4.876125
31.313131 4.853039 4.831052 4.875027
32.323232 4.862676 4.835966 4.889385
33.333333 4.868967 4.839728 4.898207
34.343434 4.882599 4.853669 4.911529
35.353535 4.883209 4.854136 4.912282
36.363636 4.890396 4.859374 4.921417
37.373737 4.890679 4.859251 4.922106
38.383838 4.900250 4.877607 4.922893
39.393939 4.900262 4.877599 4.922926
40.404040 4.900266 4.877602 4.922930
41.414141 4.901067 4.877024 4.925110
42.424242 4.901227 4.876898 4.925555
43.434343 4.902877 4.881160 4.924594
44.444444 4.903715 4.882232 4.925198
45.454545 4.906196 4.883855 4.928538
46.464646 4.906234 4.883948 4.928521
47.474747 4.909836 4.886156 4.933516
48.484848 4.911866 4.885413 4.938319
49.494949 4.911911 4.885508 4.938313
50.505051 4.913969 4.889672 4.938266
51.515152 4.918389 4.896266 4.940511
52.525253 4.918528 4.896540 4.940515
53.535354 4.918540 4.896564 4.940515
54.545455 4.919548 4.896446 4.942650
55.555556 4.919548 4.896446 4.942650
56.565657 4.920111 4.896666 4.943557
57.575758 4.921148 4.898587 4.943710
58.585859 4.921412 4.898890 4.943934
59.595960 4.924386 4.902542 4.946231
60.606061 4.926033 4.904351 4.947716
61.616162 4.926144 4.904547 4.947741
62.626263 4.929560 4.908553 4.950567
63.636364 4.930253 4.909111 4.951395
64.646465 4.933418 4.913804 4.953031
65.656566 4.935286 4.911615 4.958957
66.666667 4.935851 4.912395 4.959307
67.676768 4.936769 4.913875 4.959663
68.686869 4.939326 4.916887 4.961765
69.696970 4.939443 4.917037 4.961849
70.707071 4.939761 4.917488 4.962035
71.717172 4.940849 4.916281 4.965417
72.727273 4.943560 4.918970 4.968150
73.737374 4.944328 4.919573 4.969083
74.747475 4.945177 4.920186 4.970168
75.757576 4.947141 4.921951 4.972332
76.767677 4.947615 4.922515 4.972715
77.777778 4.947789 4.922833 4.972745
78.787879 4.948113 4.923187 4.973040
79.797980 4.948225 4.923302 4.973148
80.808081 4.948473 4.923234 4.973712
81.818182 4.948614 4.923301 4.973926
82.828283 4.948669 4.923288 4.974049
83.838384 4.948722 4.923393 4.974052
84.848485 4.948751 4.923418 4.974083
85.858586 4.948783 4.923390 4.974175
86.868687 4.949588 4.924951 4.974225
87.878788 4.951120 4.925019 4.977221
88.888889 4.952050 4.924572 4.979527
89.898990 4.952304 4.924751 4.979857
90.909091 4.952349 4.924839 4.979859
91.919192 4.954406 4.926376 4.982436
92.929293 4.957034 4.927978 4.986090
93.939394 4.961253 4.931644 4.990861
94.949495 4.961450 4.931637 4.991263
95.959596 4.963627 4.934646 4.992607
96.969697 0.052089 0.000000 0.186009
97.979798 0.000000 0.000000 0.000000
98.989899 0.000000 0.000000 0.000000
100.000000 0.000000 0.000000 0.000000
