# time_s density
6.4949732 0.000772768975
6.49703936 0.000966196808
6.49910551 0.00120444016
6.50117167 0.00149696002
6.50323782 0.00185499277
6.50530398 0.00229183336
6.50737013 0.00282315331
6.50943629 0.00346735548
6.51150245 0.00424596771
6.5135686 0.00518407663
6.51563476 0.0063108027
6.51770091 0.00765981674
6.51976707 0.00926989749
6.52183322 0.0111855287
6.52389938 0.0134575329
6.52596554 0.0161437393
6.52803169 0.0193096778
6.53009785 0.0230292959
6.532164 0.0273856869
6.53423016 0.0324718208
6.53629631 0.0383912644
6.53836247 0.0452588781
6.54042862 0.0532014713
6.54249478 0.0623583999
6.54456094 0.0728820845
6.54662709 0.0849384299
6.54869325 0.0987071205
6.5507594 0.114381769
6.55282556 0.132169896
6.55489171 0.152292706
6.55695787 0.174984651
6.55902403 0.200492739
6.56109018 0.229075587
6.56315634 0.261002167
6.56522249 0.296550265
6.56728865 0.336004609
6.5693548 0.379654671
6.57142096 0.427792135
6.57348711 0.480708034
6.57555327 0.538689562
6.57761943 0.602016577
6.57968558 0.670957822
6.58175174 0.745766883
6.58381789 0.826677933
6.58588405 0.913901307
6.5879502 1.00761896
6.59001636 1.10797985
6.59208252 1.21509536
6.59414867 1.32903481
6.59621483 1.44982109
6.59828098 1.57742657
6.60034714 1.71176935
6.60241329 1.85270991
6.60447945 2.0000483
6.6065456 2.15352181
6.60861176 2.31280345
6.61067792 2.47750107
6.61274407 2.64715727
6.61481023 2.82125022
6.61687638 2.99919529
6.61894254 3.1803477
6.62100869 3.36400602
6.62307485 3.5494166
6.62514101 3.73577892
6.62720716 3.92225189
6.62927332 4.10796077
6.63133947 4.29200504
6.63340563 4.47346677
6.63547178 4.65141962
6.63753794 4.82493818
6.63960409 4.99310769
6.64167025 5.1550338
6.64373641 5.30985242
6.64580256 5.45673929
6.64786872 5.59491928
6.64993487 5.7236752
6.65200103 5.84235589
6.65406718 5.95038358
6.65613334 6.04726023
6.65819949 6.13257287
6.66026565 6.20599772
6.66233181 6.26730304
6.66439796 6.31635072
6.66646412 6.35309641
6.66853027 6.37758837
6.67059643 6.38996494
6.67266258 6.39045063
6.67472874 6.37935109
6.6767949 6.35704689
6.67886105 6.32398623
6.68092721 6.28067692
6.68299336 6.22767755
6.68505952 6.16558817
6.68712567 6.0950407
6.68919183 6.0166891
6.69125798 5.93119975
6.69332414 5.83924198
6.6953903 5.74147912
6.69745645 5.63856015
6.69952261 5.53111217
6.70158876 5.41973369
6.70365492 5.30498914
6.70572107 5.18740424
6.70778723 5.06746276
6.70985339 4.94560435
6.71191954 4.82222354
6.7139857 4.69766994
6.71605185 4.57224947
6.71811801 4.44622661
6.72018416 4.31982747
6.72225032 4.19324369
6.72431647 4.06663683
6.72638263 3.94014327
6.72844879 3.8138794
6.73051494 3.68794688
6.7325811 3.56243791
6.73464725 3.43744032
6.73671341 3.31304235
6.73877956 3.18933698
6.74084572 3.06642575
6.74291188 2.94442202
6.74497803 2.8234535
6.74704419 2.70366413
6.74911034 2.58521531
6.7511765 2.46828631
6.75324265 2.35307416
6.75530881 2.23979284
6.75737496 2.12867195
6.75944112 2.01995487
6.76150728 1.91389654
6.76357343 1.81076093
6.76563959 1.71081825
6.76770574 1.61434203
6.7697719 1.52160613
6.77183805 1.43288172
6.77390421 1.34843439
6.77597037 1.26852133
6.77803652 1.19338871
6.78010268 1.12326918
6.78216883 1.0583797
6.78423499 0.998919476
6.78630114 0.945068158
6.7883673 0.896984256
6.79043345 0.854803708
6.79249961 0.818638626
6.79456577 0.788576161
6.79663192 0.764677489
6.79869808 0.746976857
6.80076423 0.735480695
6.80283039 0.730166761
6.80489654 0.730983307
6.8069627 0.737848267
6.80902886 0.750648472
6.81109501 0.769238903
6.81316117 0.793442004
6.81522732 0.823047084
6.81729348 0.85780986
6.81935963 0.897452163
6.82142579 0.941661877
6.82349194 0.990093152
6.8255581 1.04236694
6.82762426 1.09807192
6.82969041 1.15676584
6.83175657 1.21797733
6.83382272 1.2812082
6.83588888 1.34593629
6.83795503 1.41161877
6.84002119 1.47769607
6.84208735 1.5435962
6.8441535 1.6087396
6.84621966 1.67254439
6.84828581 1.73443196
6.85035197 1.79383285
6.85241812 1.85019278
6.85448428 1.90297879
6.85655043 1.95168533
6.85861659 1.99584022
6.86068275 2.03501033
6.8627489 2.06880693
6.86481506 2.09689051
6.86688121 2.11897504
6.86894737 2.13483155
6.87101352 2.1442909
6.87307968 2.14724582
6.87514583 2.14365198
6.87721199 2.13352818
6.87927815 2.11695569
6.8813443 2.09407654
6.88341046 2.0650911
6.88547661 2.03025471
6.88754277 1.9898736
6.88960892 1.94430009
6.89167508 1.89392722
6.89374124 1.83918294
6.89580739 1.78052386
6.89787355 1.7184288
6.8999397 1.65339218
6.90200586 1.58591746
6.90407201 1.51651064
6.90613817 1.44567399
6.90820432 1.37390018
6.91027048 1.30166672
6.91233664 1.22943097
6.91440279 1.1576257
6.91646895 1.08665525
6.9185351 1.01689233
6.92060126 0.948675517
6.92266741 0.882307395
6.92473357 0.818053352
6.92679973 0.756141025
6.92886588 0.696760343
6.93093204 0.640064121
6.93299819 0.586169167
6.93506435 0.535157822
6.9371305 0.487079887
6.93919666 0.44195487
6.94126281 0.399774469
6.94332897 0.360505244
6.94539513 0.324091406
6.94746128 0.290457663
6.94952744 0.259512067
6.95159359 0.231148812
6.95365975 0.205250946
6.9557259 0.181692942
6.95779206 0.160343122
6.95985822 0.141065887
6.96192437 0.123723745
6.96399053 0.108179134
6.96605668 0.094296013
6.96812284 0.0819412429
6.97018899 0.0709857459
6.97225515 0.0613054578
6.9743213 0.0527820819
6.97638746 0.0453036588
6.97845362 0.0387649677
6.98051977 0.033067774
6.98258593 0.028120943
6.98465208 0.0238404356
6.98671824 0.0201492033
6.98878439 0.0169770003
6.99085055 0.0142601278
6.99291671 0.0119411257
6.99498286 0.00996842402
6.99704902 0.00829596906
6.99911517 0.00688283138
7.00118133 0.00569280781
7.00324748 0.00469402393
7.00531364 0.00385854405
7.00737979 0.00316199379
7.00944595 0.00258319949
7.01151211 0.00210384755
7.01357826 0.00170816561
7.01564442 0.0013826271
7.01771057 0.00111567973
7.01977673 0.000897497827
7.02184288 0.000719758255
