# fraction_pct mean ci_low ci_high
0.000000 0.000000 0.000000 0.000000
1.010101 0.000000 0.000000 0.000000
2.020202 1.697831 0.000000 4.404865
3.030303 2.724246 0.000000 6.719590
4.040404 5.570486 1.883018 9.257954
5.050505 7.665459 6.003391 9.327528
6.060606 8.249777 5.782473 10.717080
7.070707 9.325001 6.487990 12.162012
8.080808 9.769108 6.273110 13.265105
9.090909 9.982127 6.176515 13.787738
10.101010 10.056873 6.130283 13.983463
11.111111 10.884095 5.509446 16.258744
12.121212 11.678938 6.132534 17.225342
13.131313 12.859944 6.250093 19.469794
14.141414 13.314217 6.038988 20.589445
15.151515 14.393659 6.689720 22.097599
16.161616 15.191791 6.846867 23.536715
17.171717 22.543740 19.569189 25.518292
18.181818 30.355182 26.962543 33.747822
19.191919 31.411088 28.374029 34.448146
20.202020 32.569045 30.026759 35.111331
21.212121 33.392387 30.622013 36.162762
22.222222 34.246297 31.858696 36.633898
23.232323 35.527072 33.119374 37.934771
24.242424 36.050712 34.223899 37.877525
25.252525 39.098466 33.762425 44.434506
26.262626 24.234900 12.223509 36.246290
27.272727 23.196555 11.813671 34.579438
28.282828 21.722767 9.294920 34.150613
29.292929 21.997247 8.870142 35.124351
30.303030 22.269030 8.443315 36.094745
31.313131 22.539249 8.018932 37.059566
32.323232 20.352164 11.453202 29.251126
33.333333 17.934662 15.277842 20.591482
34.343434 16.852038 16.522983 17.181093
35.353535 16.944259 16.613179 17.275340
36.363636 17.375548 16.669885 18.081210
37.373737 17.665611 17.127107 18.204116
38.383838 17.665904 17.127101 18.204707
39.393939 17.665904 17.127101 18.204707
40.404040 17.732096 17.109217 18.354975
41.414141 17.700052 17.122301 18.277802
42.424242 17.753433 17.092604 18.414262
43.434343 17.685784 17.124833 18.246736
44.444444 17.652391 17.126335 18.178447
45.454545 17.652391 17.126335 18.178447
46.464646 17.842142 17.612690 18.071593
47.474747 17.990038 17.947970 18.032105
48.484848 17.976232 17.924746 18.027717
49.494949 17.976232 17.924746 18.027717
50.505051 17.976232 17.924746 18.027717
51.515152 17.976232 17.924746 18.027717
52.525253 17.976232 17.924746 18.027717
53.535354 17.976232 17.924746 18.027717
54.545455 17.982617 17.924687 18.040547
55.555556 18.129765 17.738089 18.521440
56.565657 17.989002 17.926343 18.051662
57.575758 18.073943 17.823362 18.324524
58.585859 17.982910 17.924858 18.040962
59.595960 17.982910 17.924858 18.040962
60.606061 17.982910 17.924858 18.040962
61.616162 17.982910 17.924858 18.040962
62.626263 18.043787 17.851176 18.236397
63.636364 17.976818 17.924938 18.028697
64.646465 17.976818 17.924938 18.028697
65.656566 17.976818 17.924938 18.028697
66.666667 17.976818 17.924938 18.028697
67.676768 17.976818 17.924938 18.028697
68.686869 17.980322 17.925350 18.035294
69.696970 18.206186 17.600583 18.811789
70.707071 18.026668 17.833828 18.219507
71.717172 17.949205 17.898044 18.000367
72.727273 17.975431 17.901679 18.049182
73.737374 17.910280 17.861365 17.959195
74.747475 18.194079 17.646453 18.741706
75.757576 17.899335 17.725561 18.073109
76.767677 17.885320 17.689728 18.080912
77.777778 17.885320 17.689728 18.080912
78.787879 17.876906 17.666331 18.087482
79.797980 18.031872 17.429997 18.633746
80.808081 17.793454 17.658901 17.928007
81.818182 17.793454 17.658901 17.928007
82.828283 17.793454 17.658901 17.928007
83.838384 17.793454 17.658901 17.928007
84.848485 17.779439 17.633633 17.925245
85.858586 17.779439 17.633633 17.925245
86.868687 17.779439 17.633633 17.925245
87.878788 17.779439 17.633633 17.925245
88.888889 17.786415 17.647259 17.925571
89.898990 17.771025 17.614817 17.927234
90.909091 17.771025 17.614817 17.927234
91.919192 17.771025 17.614817 17.927234
92.929293 17.771025 17.614817 17.927234
93.939394 17.766029 17.602598 17.929459
94.949495 17.899894 17.538701 18.261087
95.959596 17.656478 17.614250 17.698706
96.969697 17.645151 17.570833 17.719469
97.979798 14.245995 5.362592 23.129397
98.989899 10.882684 0.000000 21.858142
100.000000 0.425955 0.425907 0.426003
