# fraction_pct mean ci_low ci_high
0.000000 0.000826 0.000000 0.002136
1.010101 3.837307 0.000000 9.877879
2.020202 4.967425 0.000000 12.787275
3.030303 9.654272 3.419515 15.889029
4.040404 12.850734 11.238167 14.463301
5.050505 13.597342 12.439029 14.755655
6.060606 13.597389 12.439012 14.755767
7.070707 14.015174 13.113433 14.916914
8.080808 14.008894 13.112445 14.905344
9.090909 13.968144 13.137730 14.798557
10.101010 13.987533 13.126657 14.848410
11.111111 13.941804 13.150252 14.733356
12.121212 14.226830 13.312024 15.141636
13.131313 14.178528 13.269054 15.088002
14.141414 14.509121 13.346803 15.671440
15.151515 14.820781 13.793392 15.848171
16.161616 14.793236 13.783548 15.802924
17.171717 16.293857 14.778120 17.809593
18.181818 14.072429 12.354241 15.790617
19.191919 13.661328 11.442878 15.879778
20.202020 13.547522 11.443518 15.651526
21.212121 13.368706 11.513490 15.223923
22.222222 12.601272 11.754234 13.448311
23.232323 12.402785 11.503013 13.302557
24.242424 12.416565 11.513422 13.319708
25.252525 9.527714 5.087516 13.967912
26.262626 11.326406 9.056019 13.596794
27.272727 11.815333 10.097553 13.533113
28.282828 12.041938 10.845543 13.238332
29.292929 12.082986 10.864591 13.301381
30.303030 12.083467 10.864256 13.302678
31.313131 12.084773 10.863344 13.306202
32.323232 12.088220 10.860910 13.315530
33.333333 12.242372 10.944096 13.540649
34.343434 12.337635 10.980422 13.694848
35.353535 12.232445 10.736925 13.727964
36.363636 12.603377 11.301496 13.905258
37.373737 12.897878 11.324727 14.471029
38.383838 13.374183 11.763394 14.984971
39.393939 13.255785 11.487553 15.024016
40.404040 13.266192 11.556326 14.976058
41.414141 12.844414 10.860826 14.828002
42.424242 13.078203 11.339030 14.817376
43.434343 12.977141 11.641340 14.312943
44.444444 13.282735 12.105350 14.460120
45.454545 13.259782 12.097314 14.422249
46.464646 13.349688 12.101899 14.597476
47.474747 13.046652 11.602759 14.490546
48.484848 13.312677 11.941454 14.683901
49.494949 13.326778 11.933996 14.719560
50.505051 13.327960 11.933017 14.722904
51.515152 13.328043 11.932990 14.723096
52.525253 13.293981 11.959825 14.628136
53.535354 13.070250 12.043994 14.096507
54.545455 13.189341 12.019954 14.358729
55.555556 13.255390 11.976784 14.533995
56.565657 13.190507 11.509911 14.871102
57.575758 13.233559 11.557929 14.909188
58.585859 13.304450 11.798190 14.810710
59.595960 13.294723 11.806138 14.783308
60.606061 13.210406 11.865243 14.555570
61.616162 13.216594 11.889648 14.543540
62.626263 13.245452 11.872905 14.617999
63.636364 13.310336 11.826020 14.794652
64.646465 13.322862 11.815797 14.829926
65.656566 13.386682 11.906423 14.866940
66.666667 13.350488 11.957507 14.743469
67.676768 13.277637 12.009247 14.546028
68.686869 13.291448 12.000601 14.582295
69.696970 13.378060 11.934386 14.821734
70.707071 13.228115 11.575281 14.880948
71.717172 13.299759 11.921854 14.677664
72.727273 13.071740 11.739708 14.403772
73.737374 13.270389 11.873915 14.666863
74.747475 13.316918 11.817535 14.816301
75.757576 13.430179 12.004345 14.856013
76.767677 13.422342 12.018105 14.826580
77.777778 13.236837 12.092026 14.381649
78.787879 13.272090 12.125789 14.418392
79.797980 13.401709 12.081311 14.722108
80.808081 13.193057 11.538843 14.847272
81.818182 13.169899 11.518472 14.821326
82.828283 13.116801 11.550792 14.682809
83.838384 13.080220 11.568687 14.591753
84.848485 13.168188 11.519621 14.816755
85.858586 13.166460 11.520774 14.812145
86.868687 13.160585 11.524643 14.796527
87.878788 13.073008 11.571753 14.574262
88.888889 13.141782 11.536466 14.747098
89.898990 12.889623 11.101648 14.677598
90.909091 12.891756 11.100060 14.683453
91.919192 12.889937 11.101414 14.678461
92.929293 12.798690 11.160083 14.437298
93.939394 12.888220 11.102686 14.673753
94.949495 13.294848 11.679650 14.910046
95.959596 12.965766 11.145957 14.785576
96.969697 12.548576 10.760026 14.337125
97.979798 10.801321 3.774449 17.828194
98.989899 8.299311 0.000000 17.068725
100.000000 0.000000 0.000000 0.000000
