# time_s density
342.258367 1.18789189e-05
342.599973 2.15352341e-05
342.94158 3.81540391e-05
343.283186 6.60616907e-05
343.624792 0.000111783342
343.966399 0.000184851396
344.308005 0.000298735353
344.649611 0.000471811746
344.991218 0.000728230925
345.332824 0.0010984688
345.674431 0.00161928979
346.016037 0.00233281162
346.357643 0.00328437701
346.69925 0.00451902327
347.040856 0.00607651247
347.382462 0.00798513843
347.724069 0.0102548367
348.065675 0.0128704368
348.407282 0.0157861442
348.748888 0.0189224378
349.090494 0.0221664603
349.432101 0.0253766243
349.773707 0.0283915821
350.115314 0.0310429924
350.45692 0.0331707892
350.798526 0.0346390738
351.140133 0.0353504527
351.481739 0.0352567218
351.823345 0.0343642697
352.164952 0.0327333572
352.506558 0.030471387
352.848165 0.027721207
353.189771 0.0246462183
353.531377 0.0214144382
353.872984 0.0181836609
354.21459 0.0150894775
354.556196 0.0122372919
354.897803 0.00969872575
355.239409 0.0075121159
355.581016 0.00568627844
355.922622 0.00420641585
356.264228 0.00304098676
356.605835 0.0021484987
356.947441 0.00148345337
357.289047 0.00100099279
357.630654 0.000660094686
357.97226 0.000425402233
358.313867 0.000267923949
358.655473 0.000164907933
358.997079 9.91950043e-05
359.338686 5.83117794e-05
359.680292 3.34997086e-05
360.021899 1.88080601e-05
360.363505 1.0319656e-05
360.705111 5.53356072e-06
361.046718 2.89976216e-06
361.388324 1.48504057e-06
361.72993 7.43245862e-07
362.071537 3.63533906e-07
362.413143 1.73770314e-07
362.75475 8.11754099e-08
363.096356 3.70588242e-08
363.437962 1.65339653e-08
363.779569 7.20909336e-09
364.121175 3.07186778e-09
364.462781 1.2792123e-09
364.804388 5.20596182e-10
365.145994 2.07051114e-10
365.487601 8.04771159e-11
365.829207 3.05692989e-11
366.170813 1.13479338e-11
366.51242 4.11686238e-12
366.854026 1.45960098e-12
367.195632 5.05731709e-13
367.537239 1.71247588e-13
367.878845 5.66691873e-14
368.220452 1.83268466e-14
368.562058 5.79224267e-15
368.903664 1.78905624e-15
369.245271 5.40031977e-16
369.586877 1.59306392e-16
369.928484 4.59266924e-17
370.27009 1.29394369e-17
370.611696 3.56273751e-18
370.953303 9.58673045e-19
371.294909 2.5210151e-19
371.636515 6.47886036e-20
371.978122 1.62719662e-20
372.319728 3.99392299e-21
372.661335 9.58026633e-22
373.002941 2.24581366e-22
373.344547 5.14503219e-23
373.686154 1.15191575e-23
374.02776 2.52041221e-24
374.369366 5.38940319e-25
374.710973 1.1262324e-25
375.052579 2.30003053e-26
375.394186 4.59047286e-27
375.735792 8.95363712e-28
376.077398 1.70671024e-28
376.419005 3.17935002e-29
376.760611 5.78808807e-30
377.102217 1.02979353e-30
377.443824 1.79053754e-31
377.78543 3.04253051e-32
378.127037 5.05248106e-33
378.468643 8.19960039e-34
378.810249 1.30046576e-34
379.151856 2.01568841e-35
379.493462 3.05327635e-36
379.835069 4.51988174e-37
380.176675 6.53892372e-38
380.518281 9.24493179e-39
380.859888 1.27737788e-39
381.201494 1.72485787e-40
381.5431 2.2761741e-41
381.884707 2.93545807e-42
382.226313 3.69968314e-43
382.56792 4.55692284e-44
382.909526 5.485511e-45
383.251132 6.47662508e-46
383.592739 9.57770083e-47
383.934345 1.98630352e-46
384.275951 1.63974393e-45
384.617558 1.37930171e-44
384.959164 1.13448055e-43
385.300771 9.11918644e-43
385.642377 7.16363445e-42
385.983983 5.49957315e-41
386.32559 4.12612893e-40
386.667196 3.02534462e-39
387.008802 2.16782967e-38
387.350409 1.51807668e-37
387.692015 1.03891618e-36
388.033622 6.94841197e-36
388.375228 4.5415998e-35
388.716834 2.90101796e-34
389.058441 1.81096572e-33
389.400047 1.10481179e-32
389.741654 6.58695403e-32
390.08326 3.83794926e-31
390.424866 2.18540582e-30
390.766473 1.21613906e-29
391.108079 6.61382435e-29
391.449685 3.51512169e-28
391.791292 1.82577126e-27
392.132898 9.26767242e-27
392.474505 4.59741065e-26
392.816111 2.22881617e-25
393.157717 1.05597478e-24
393.499324 4.88935087e-24
393.84093 2.21241832e-23
394.182536 9.7836678e-23
394.524143 4.22819091e-22
394.865749 1.78577176e-21
395.207356 7.37082039e-21
395.548962 2.97320099e-20
395.890568 1.172064e-19
396.232175 4.51540876e-19
396.573781 1.70004955e-18
396.915387 6.25525391e-18
397.256994 2.24929942e-17
397.5986 7.90439603e-17
397.940207 2.71462193e-16
398.281813 9.11107107e-16
398.623419 2.98847166e-15
398.965026 9.57962966e-15
399.306632 3.00101702e-14
399.648239 9.18773994e-14
399.989845 2.74896891e-13
400.331451 8.03808013e-13
400.673058 2.29697758e-12
401.014664 6.41480939e-12
401.35627 1.75079017e-11
401.697877 4.66991199e-11
402.039483 1.2173308e-10
402.38109 3.10123807e-10
402.722696 7.72128654e-10
403.064302 1.87877189e-09
403.405909 4.4677651e-09
403.747515 1.03834326e-08
404.089121 2.35846149e-08
404.430728 5.23548927e-08
404.772334 1.13587473e-07
405.113941 2.40853555e-07
405.455547 4.99149679e-07
405.797153 1.01104467e-06
406.13876 2.00161082e-06
406.480366 3.87318377e-06
406.821972 7.32566258e-06
407.163579 1.35434508e-05
407.505185 2.44754761e-05
407.846792 4.32385495e-05
408.188398 7.46743706e-05
408.530004 0.000126083747
408.871611 0.000208144727
409.213217 0.000335991488
409.554824 0.000530386851
409.89643 0.000818865488
410.238036 0.00123666425
410.579643 0.00182720308
410.921249 0.00264185215
411.262855 0.00373873695
411.604462 0.00518040979
411.946068 0.00703035883
412.287675 0.00934852526
412.629281 0.012186225
412.970887 0.0155810746
413.312494 0.0195526419
413.6541 0.0240995264
413.995706 0.0291983859
414.337313 0.0348050765
414.678919 0.0408576145
415.020526 0.0472802069
415.362132 0.0539872581
415.703738 0.060886164
416.045345 0.0678779335
416.386951 0.0748552213
416.728557 0.0816981279
417.070164 0.0882689516
417.41177 0.0944077333
417.753377 0.0999307259
418.094983 0.104633697
418.436589 0.108301223
418.778196 0.11072197
419.119802 0.111708605
419.461409 0.111119782
419.803015 0.108880796
420.144621 0.10499939
420.486228 0.0995736634
420.827834 0.0927902629
421.16944 0.084912548
421.511047 0.0762600897
421.852653 0.0671822393
422.19426 0.0580293668
422.535866 0.0491255648
422.877472 0.0407461377
423.219079 0.0331022095
423.560685 0.0263335009
423.902291 0.0205090388
424.243898 0.0156344843
424.585504 0.0116640797
424.927111 0.00851495371
425.268717 0.00608167276
425.610323 0.00424935991
425.95193 0.0029042919
426.293536 0.00194148875
426.635142 0.0012693264
426.976749 0.000811568774
427.318355 0.000507415847
427.659962 0.000310216888
428.001568 0.00018544203
428.343174 0.000108385987
428.684781 6.19360136e-05
429.026387 3.46021619e-05
429.367994 1.88990253e-05
