# fraction_pct mean ci_low ci_high
0.000000 0.000000 0.000000 0.000000
1.010101 0.000000 0.000000 0.000000
2.020202 0.000000 0.000000 0.000000
3.030303 0.001957 0.000000 0.006334
4.040404 2.086349 0.000000 4.289904
5.050505 4.283572 2.656237 5.910908
6.060606 5.442771 3.878421 7.007122
7.070707 5.868438 4.839141 6.897736
8.080808 6.160376 4.987362 7.333390
9.090909 6.503009 5.038087 7.967932
10.101010 6.693954 4.987727 8.400182
11.111111 7.093571 5.417008 8.770134
12.121212 7.359235 5.378834 9.339636
13.131313 7.457727 5.261775 9.653680
14.141414 7.560385 5.132013 9.988757
15.151515 7.652465 5.010580 10.294349
16.161616 7.768558 4.852362 10.684754
17.171717 7.861070 4.723124 10.999015
18.181818 7.955826 4.588471 11.323182
19.191919 8.056448 4.443447 11.669448
20.202020 8.306639 4.576856 12.036421
21.212121 8.690374 5.104285 12.276464
22.222222 10.009039 5.930505 14.087573
23.232323 12.263793 8.520845 16.006741
24.242424 14.583355 11.572634 17.594076
25.252525 15.772531 13.566718 17.978345
26.262626 16.491027 14.576144 18.405911
27.272727 17.244157 15.748772 18.739541
28.282828 17.870229 16.565050 19.175408
29.292929 18.247881 17.011971 19.483791
30.303030 18.349951 16.878009 19.821893
31.313131 18.425314 16.773980 20.076647
32.323232 18.503041 16.663631 20.342451
33.333333 18.640801 16.462902 20.818699
34.343434 18.994446 16.524548 21.464343
35.353535 21.452070 18.271675 24.632465
36.363636 23.855775 19.189568 28.521981
37.373737 24.129538 19.444349 28.814727
38.383838 24.393157 19.652390 29.133925
39.393939 24.648929 19.820712 29.477146
40.404040 24.835831 19.919218 29.752443
41.414141 25.183675 20.058441 30.308908
42.424242 25.611280 20.560721 30.661838
43.434343 26.069000 21.054722 31.083279
44.444444 27.052429 22.303792 31.801065
45.454545 28.393215 24.859672 31.926758
46.464646 29.627973 27.362312 31.893634
47.474747 30.651238 29.983418 31.319059
48.484848 31.424702 30.867470 31.981935
49.494949 32.404967 31.374867 33.435067
50.505051 33.575332 31.292398 35.858266
51.515152 34.435236 31.456509 37.413964
52.525253 34.890865 31.847249 37.934482
53.535354 39.775611 36.560683 42.990539
54.545455 25.161974 12.051599 38.272349
55.555556 25.388256 12.237080 38.539432
56.565657 25.504868 12.193114 38.816622
57.575758 25.643578 12.134637 39.152520
58.585859 25.764429 12.078429 39.450429
59.595960 25.871599 12.024645 39.718553
60.606061 25.981489 11.965789 39.997189
61.616162 26.095897 11.900670 40.291124
62.626263 26.213287 11.829930 40.596644
63.636364 26.325573 11.758687 40.892459
64.646465 26.441229 11.681789 41.200670
65.656566 26.561109 11.598460 41.523757
66.666667 26.678336 11.513550 41.843123
67.676768 26.791201 11.428726 42.153675
68.686869 26.904374 11.340759 42.467990
69.696970 26.998986 11.265062 42.732910
70.707071 26.758305 11.453754 42.062855
71.717172 25.669497 12.122988 39.216006
72.727273 25.190335 12.300312 38.080359
73.737374 24.980725 12.350803 37.610646
74.747475 23.785088 12.263002 35.307174
75.757576 22.198108 10.953819 33.442397
76.767677 21.430389 9.797514 33.063265
77.777778 21.462117 9.851688 33.072545
78.787879 21.568081 10.028757 33.107404
79.797980 21.568081 10.028757 33.107404
80.808081 21.568081 10.028757 33.107404
81.818182 21.568081 10.028757 33.107404
82.828283 21.568081 10.028757 33.107404
83.838384 21.568081 10.028757 33.107404
84.848485 21.568081 10.028757 33.107404
85.858586 21.568081 10.028757 33.107404
86.868687 21.568081 10.028757 33.107404
87.878788 21.521261 10.102311 32.940211
88.888889 21.421774 10.258605 32.584943
89.898990 21.396049 10.299019 32.493079
90.909091 21.076583 10.800900 31.352267
91.919192 20.995565 10.928179 31.062951
92.929293 21.106735 10.753531 31.459939
93.939394 21.206573 10.596686 31.816460
94.949495 21.309568 10.434881 32.184254
95.959596 21.355861 10.362154 32.349568
96.969697 17.079818 17.079815 17.079820
97.979798 17.073942 17.064689 17.083195
98.989899 17.086406 17.063506 17.109305
100.000000 2.358451 0.000000 8.227579
