# fraction_pct mean ci_low ci_high
0.000000 0.001317 0.000527 0.002106
1.010101 4.065283 0.000000 8.331489
2.020202 6.478967 2.025337 10.932596
3.030303 9.768752 7.608564 11.928940
4.040404 11.684956 10.417173 12.952738
5.050505 12.396067 12.326223 12.465911
6.060606 12.430211 12.324884 12.535538
7.070707 12.436349 12.333406 12.539292
8.080808 12.512361 12.294523 12.730199
9.090909 12.644035 12.132448 13.155622
10.101010 12.788158 12.202020 13.374297
11.111111 12.848482 12.329307 13.367657
12.121212 13.002224 12.209221 13.795227
13.131313 13.002224 12.209221 13.795227
14.141414 13.002224 12.209221 13.795227
15.151515 13.002224 12.209221 13.795227
16.161616 13.002228 12.209222 13.795235
17.171717 13.002254 12.209225 13.795283
18.181818 13.001026 12.209080 13.792972
19.191919 13.001452 12.209132 13.793772
20.202020 13.043908 12.244001 13.843815
21.212121 13.383780 12.631620 14.135940
22.222222 13.930812 13.340157 14.521467
23.232323 14.223830 13.918223 14.529438
24.242424 14.467432 14.061145 14.873720
25.252525 15.031444 14.023478 16.039411
26.262626 15.674038 14.709776 16.638301
27.272727 16.693987 16.064551 17.323424
28.282828 17.195625 16.114586 18.276665
29.292929 17.234542 16.087471 18.381613
30.303030 17.207783 16.047801 18.367765
31.313131 17.207711 16.047689 18.367733
32.323232 17.272859 16.137252 18.408466
33.333333 17.275417 16.140275 18.410559
34.343434 17.220063 16.087907 18.352220
35.353535 17.135711 15.937161 18.334262
36.363636 17.177996 15.954196 18.401796
37.373737 17.189300 15.985988 18.392613
38.383838 17.187361 15.991684 18.383038
39.393939 17.154267 16.019621 18.288913
40.404040 17.149431 16.007920 18.290941
41.414141 17.093723 16.019389 18.168057
42.424242 17.038800 15.957348 18.120252
43.434343 16.982287 15.894234 18.070339
44.444444 16.772239 15.800518 17.743959
45.454545 16.269432 15.441401 17.097464
46.464646 15.837095 15.159880 16.514310
47.474747 15.176890 14.356746 15.997035
48.484848 14.195650 13.588825 14.802476
49.494949 13.008048 12.701888 13.314209
50.505051 12.365290 11.954251 12.776330
51.515152 12.012570 11.128471 12.896669
52.525253 11.965194 11.055140 12.875249
53.535354 12.063240 11.252562 12.873919
54.545455 12.222993 11.529951 12.916035
55.555556 12.328589 11.788546 12.868633
56.565657 12.370428 11.797185 12.943671
57.575758 12.373105 11.798374 12.947836
58.585859 12.375823 11.799396 12.952251
59.595960 12.375010 11.799318 12.950702
60.606061 12.373618 11.798790 12.948445
61.616162 12.376889 11.799997 12.953781
62.626263 12.378321 11.800488 12.956154
63.636364 12.376457 11.799844 12.953070
64.646465 12.377425 11.800183 12.954666
65.656566 12.378319 11.800488 12.956150
66.666667 12.377270 11.800129 12.954410
67.676768 12.377773 11.800303 12.955244
68.686869 12.379680 11.800935 12.958425
69.696970 12.379899 11.801005 12.958792
70.707071 12.381231 11.801421 12.961042
71.717172 12.381269 11.801432 12.961106
72.727273 12.380152 11.801085 12.959218
73.737374 12.379990 11.801034 12.958946
74.747475 12.379168 11.800769 12.957566
75.757576 12.480639 12.040381 12.920897
76.767677 12.480592 12.040654 12.920530
77.777778 12.498873 12.040593 12.957152
78.787879 12.487113 11.985674 12.988552
79.797980 12.590488 11.985449 13.195527
80.808081 12.590888 11.985141 13.196635
81.818182 12.590916 11.985119 13.196714
82.828283 12.590936 11.985104 13.196768
83.838384 12.588565 11.986914 13.190217
84.848485 12.556505 12.007077 13.105932
85.858586 12.522341 11.907623 13.137059
86.868687 12.524275 11.907477 13.141072
87.878788 12.241419 11.535465 12.947372
88.888889 11.838643 10.139782 13.537504
89.898990 11.866184 10.187601 13.544766
90.909091 11.874213 10.220568 13.527857
91.919192 11.870597 10.224546 13.516648
92.929293 11.866644 10.218048 13.515240
93.939394 11.856840 10.204650 13.509030
94.949495 11.848869 10.198561 13.499178
95.959596 11.828828 10.201863 13.455793
96.969697 12.057793 10.786003 13.329583
97.979798 12.196938 11.006289 13.387588
98.989899 12.265284 11.166771 13.363797
100.000000 1.633610 0.000000 5.833621
