# time_s density
176.383608 2.88351249e-05
176.425811 3.45085733e-05
176.468014 4.12154342e-05
176.510216 4.91270724e-05
176.552419 5.8440034e-05
176.594621 6.93791651e-05
176.636824 8.22010181e-05
176.679026 9.71975563e-05
176.721229 0.000114700166
176.763431 0.000135083982
176.805634 0.000158772522
176.847836 0.000186242641
176.890039 0.00021802978
176.932241 0.000254733516
176.974444 0.000297023378
177.016646 0.000345644909
177.058849 0.000401425947
177.101051 0.000465283064
177.143254 0.000538228141
177.185457 0.000621374987
177.227659 0.000715945955
177.269862 0.000823278462
177.312064 0.000944831335
177.354267 0.00108219086
177.396469 0.00123707645
177.438672 0.00141134578
177.480874 0.00160699933
177.523077 0.00182618404
177.565279 0.00207119616
177.607482 0.00234448296
177.649684 0.0026486432
177.691887 0.00298642624
177.734089 0.00336072962
177.776292 0.00377459493
177.818494 0.00423120187
177.860697 0.00473386031
177.9029 0.00528600027
177.945102 0.00589115975
177.987305 0.00655297023
178.029507 0.00727513979
178.07171 0.00806143394
178.113912 0.00891565398
178.156115 0.00984161301
178.198317 0.0108431096
178.24052 0.0119238994
178.282722 0.0130876643
178.324925 0.0143379801
178.367127 0.0156782822
178.40933 0.0171118302
178.451532 0.0186416708
178.493735 0.0202706002
178.535937 0.0220011264
178.57814 0.0238354309
178.620342 0.0257753312
178.662545 0.0278222437
178.704748 0.0299771488
178.74695 0.0322405568
178.789153 0.034612477
178.831355 0.0370923888
178.873558 0.0396792173
178.91576 0.0423713113
178.957963 0.0451664264
179.000165 0.0480617128
179.042368 0.0510537079
179.08457 0.0541383341
179.126773 0.0573109024
179.168975 0.0605661227
179.211178 0.0638981186
179.25338 0.0673004496
179.295583 0.0707661391
179.337785 0.0742877086
179.379988 0.0778572174
179.422191 0.0814663093
179.464393 0.0851062633
179.506596 0.0887680511
179.548798 0.0924423982
179.591001 0.0961198498
179.633203 0.0997908408
179.675406 0.103445768
179.717608 0.107075068
179.759811 0.110669289
179.802013 0.114219178
179.844216 0.117715751
179.886418 0.121150379
179.928621 0.124514861
179.970823 0.127801503
180.013026 0.131003189
180.055228 0.134113454
180.097431 0.137126545
180.139634 0.140037489
180.181836 0.14284214
180.224039 0.145537238
180.266241 0.148120442
180.308444 0.15059037
180.350646 0.152946625
180.392849 0.155189813
180.435051 0.15732155
180.477254 0.159344467
180.519456 0.161262192
180.561659 0.163079338
180.603861 0.164801468
180.646064 0.166435057
180.688266 0.167987438
180.730469 0.169466745
180.772671 0.17088184
180.814874 0.172242232
180.857077 0.173557988
180.899279 0.174839635
180.941482 0.176098051
180.983684 0.177344355
181.025887 0.178589782
181.068089 0.179845558
181.110292 0.181122774
181.152494 0.182432247
181.194697 0.183784385
181.236899 0.185189056
181.279102 0.186655451
181.321304 0.188191948
181.363507 0.18980599
181.405709 0.191503961
181.447912 0.193291071
181.490114 0.19517125
181.532317 0.197147057
181.57452 0.199219592
181.616722 0.20138843
181.658925 0.203651569
181.701127 0.206005386
181.74333 0.208444621
181.785532 0.210962369
181.827735 0.213550097
181.869937 0.216197678
181.91214 0.21889344
181.954342 0.221624238
181.996545 0.224375542
182.038747 0.227131543
182.08095 0.229875274
182.123152 0.232588753
182.165355 0.235253129
182.207557 0.237848849
182.24976 0.240355835
182.291963 0.242753663
182.334165 0.24502176
182.376368 0.247139594
182.41857 0.249086873
182.460773 0.25084374
182.502975 0.252390971
182.545178 0.25371016
182.58738 0.254783904
182.629583 0.255595975
182.671785 0.256131482
182.713988 0.256377017
182.75619 0.256320792
182.798393 0.255952752
182.840595 0.255264676
182.882798 0.254250258
182.925 0.252905163
182.967203 0.251227076
183.009405 0.249215713
183.051608 0.246872828
183.093811 0.244202191
183.136013 0.241209545
183.178216 0.237902555
183.220418 0.234290726
183.262621 0.230385315
183.304823 0.226199221
183.347026 0.221746866
183.389228 0.217044061
183.431431 0.212107864
183.473633 0.206956428
183.515836 0.201608844
183.558038 0.196084978
183.600241 0.190405306
183.642443 0.18459075
183.684646 0.178662511
183.726848 0.172641907
183.769051 0.166550219
183.811254 0.160408531
183.853456 0.154237595
183.895659 0.148057686
183.937861 0.14188848
183.980064 0.135748937
184.022266 0.129657193
184.064469 0.123630467
184.106671 0.117684982
184.148874 0.111835891
184.191076 0.106097224
184.233279 0.100481843
184.275481 0.0950014074
184.317684 0.0896663552
184.359886 0.0844858942
184.402089 0.0794680038
184.444291 0.0746194471
184.486494 0.0699457929
184.528697 0.0654514459
184.570899 0.0611396857
184.613102 0.0570127121
184.655304 0.053071697
184.697507 0.0493168409
184.739709 0.0457474351
184.781912 0.0423619256
184.824114 0.039157981
184.866317 0.0361325613
184.908519 0.0332819883
184.950722 0.0306020153
184.992924 0.0280878972
185.035127 0.025734459
185.077329 0.0235361622
185.119532 0.0214871699
185.161734 0.019581408
185.203937 0.0178126245
185.24614 0.0161744444
185.288342 0.0146604216
185.330545 0.0132640864
185.372747 0.0119789897
185.41495 0.0107987424
185.457152 0.00971705125
185.499355 0.00872775031
185.541557 0.00782482867
185.58376 0.00700245407
185.625962 0.00625499294
185.668165 0.00557702679
185.710367 0.00496336517
185.75257 0.00440905557
185.794772 0.00390939033
185.836975 0.00345991077
185.879177 0.00305640901
185.92138 0.00269492742
185.963583 0.00237175623
186.005785 0.00208342927
186.047988 0.00182671835
186.09019 0.00159862627
186.132393 0.00139637882
186.174595 0.00121741587
186.216798 0.00105938189
186.259 0.000920115835
186.301203 0.000797640805
186.343405 0.000690153455
186.385608 0.000596013351
186.42781 0.000513732365
186.470013 0.000441964216
186.512215 0.000379494232
186.554418 0.000325229416
186.59662 0.000278188856
186.638823 0.000237494545
186.681025 0.000202362623
186.723228 0.000172095097
186.765431 0.000146072021
186.807633 0.000123744172
186.849836 0.000104626212
186.892038 8.82903364e-05
186.934241 7.43603919e-05
186.976443 6.25064645e-05
187.018646 5.24399086e-05
187.060848 4.39088062e-05
187.103051 3.6693831e-05
187.145253 3.06044967e-05
