# fraction_pct mean ci_low ci_high
0.000000 0.000000 0.000000 0.000000
1.010101 0.000000 0.000000 0.000001
2.020202 0.000000 0.000000 0.000001
3.030303 0.254012 0.089792 0.418231
4.040404 4.471503 4.178048 4.764959
5.050505 5.732098 5.378478 6.085718
6.060606 6.514350 6.047701 6.980998
7.070707 6.984640 6.722653 7.246627
8.080808 7.418249 6.986142 7.850356
9.090909 8.213839 7.843543 8.584136
10.101010 8.733911 8.233911 9.233910
11.111111 9.310283 8.478620 10.141945
12.121212 10.014511 8.813045 11.215976
13.131313 9.968386 8.647910 11.288862
14.141414 10.231273 9.080661 11.381884
15.151515 8.587430 5.360236 11.814624
16.161616 7.460444 2.692873 12.228015
17.171717 4.777452 3.564352 5.990551
18.181818 4.070797 4.070790 4.070804
19.191919 4.081761 4.053579 4.109943
20.202020 4.164164 4.058800 4.269529
21.212121 4.303855 3.921124 4.686585
22.222222 4.457315 4.021992 4.892638
23.232323 4.457315 4.021992 4.892638
24.242424 4.556533 4.106992 5.006074
25.252525 4.642021 4.207086 5.076956
26.262626 4.673783 4.239197 5.108368
27.272727 4.690239 4.249840 5.130638
28.282828 4.799090 4.364272 5.233909
29.292929 4.818240 4.407586 5.228894
30.303030 4.834746 4.418021 5.251470
31.313131 4.843609 4.421896 5.265323
32.323232 4.860146 4.404949 5.315343
33.333333 4.920970 4.467315 5.374625
34.343434 4.920970 4.467315 5.374625
35.353535 4.946340 4.492034 5.400645
36.363636 5.016671 4.575488 5.457853
37.373737 5.051747 4.622642 5.480853
38.383838 5.051747 4.622642 5.480853
39.393939 5.051747 4.622642 5.480853
40.404040 5.104714 4.639042 5.570386
41.414141 5.137636 4.673958 5.601313
42.424242 5.137636 4.673958 5.601313
43.434343 5.144447 4.676187 5.612707
44.444444 5.146565 4.674347 5.618782
45.454545 5.189391 4.689076 5.689706
46.464646 5.212176 4.713452 5.710899
47.474747 5.243937 4.809691 5.678183
48.484848 5.250581 4.802706 5.698457
49.494949 5.303838 4.823782 5.783894
50.505051 5.331853 4.855682 5.808023
51.515152 5.374824 4.868125 5.881522
52.525253 5.438957 4.883802 5.994111
53.535354 5.498494 4.896992 6.099997
54.545455 5.524620 4.925335 6.123906
55.555556 5.595813 5.044824 6.146802
56.565657 5.637764 5.054237 6.221291
57.575758 5.700242 5.054402 6.346082
58.585859 5.722125 5.093809 6.350441
59.595960 5.722125 5.093809 6.350441
60.606061 5.722125 5.093809 6.350441
61.616162 5.808026 5.134946 6.481107
62.626263 5.805839 5.131490 6.480187
63.636364 5.805839 5.131490 6.480187
64.646465 5.805839 5.131490 6.480187
65.656566 5.876030 5.147677 6.604383
66.666667 5.906852 5.226831 6.586874
67.676768 5.914336 5.251354 6.577319
68.686869 5.914336 5.251354 6.577319
69.696970 5.975800 5.253479 6.698121
70.707071 6.015138 5.347191 6.683084
71.717172 6.020743 5.365527 6.675959
72.727273 6.020743 5.365527 6.675959
73.737374 6.020743 5.365527 6.675959
74.747475 6.060350 5.459345 6.661356
75.757576 6.064551 5.473283 6.655819
76.767677 6.064551 5.473283 6.655819
77.777778 6.064551 5.473283 6.655819
78.787879 6.085479 5.502423 6.668536
79.797980 6.107704 5.577734 6.637675
80.808081 6.107704 5.577734 6.637675
81.818182 6.109668 5.580408 6.638929
82.828283 6.128530 5.603658 6.653403
83.838384 6.150414 5.679045 6.621782
84.848485 6.150414 5.679045 6.621782
85.858586 6.150414 5.679045 6.621782
86.868687 6.171124 5.700988 6.641261
87.878788 6.192706 5.776552 6.608859
88.888889 6.192706 5.776552 6.608859
89.898990 6.192706 5.776552 6.608859
90.909091 6.213285 5.793547 6.633023
91.919192 6.234674 5.869460 6.599889
92.929293 6.234674 5.869460 6.599889
93.939394 6.234674 5.869460 6.599889
94.949495 6.256907 5.886586 6.627227
95.959596 6.339167 6.180338 6.497996
96.969697 6.400945 6.400938 6.400952
97.979798 6.400945 6.400938 6.400952
98.989899 2.058859 1.688702 2.429017
100.000000 0.014035 0.014034 0.014035
