# fraction_pct mean ci_low ci_high
0.000000 0.002625 0.001302 0.003947
1.010101 8.493640 8.462505 8.524775
2.020202 10.175835 10.075001 10.276668
3.030303 12.455267 12.417102 12.493432
4.040404 12.638469 12.544729 12.732209
5.050505 12.645192 12.562045 12.728340
6.060606 12.689907 12.612322 12.767492
7.070707 12.698939 12.613240 12.784638
8.080808 12.705131 12.622309 12.787953
9.090909 12.713825 12.626076 12.801575
10.101010 12.717353 12.626435 12.808271
11.111111 12.718480 12.627390 12.809570
12.121212 12.719384 12.627485 12.811284
13.131313 12.720467 12.627861 12.813072
14.141414 12.721571 12.627987 12.815155
15.151515 12.723179 12.631177 12.815181
16.161616 12.726415 12.634223 12.818607
17.171717 12.730738 12.636524 12.824953
18.181818 12.736626 12.643335 12.829917
19.191919 12.738522 12.644738 12.832306
20.202020 12.740127 12.647075 12.833178
21.212121 12.741088 12.647855 12.834321
22.222222 12.742807 12.648560 12.837054
23.232323 12.742932 12.648637 12.837227
24.242424 12.743278 12.649040 12.837517
25.252525 12.743646 12.649301 12.837991
26.262626 12.743724 12.649371 12.838076
27.272727 12.743774 12.649430 12.838118
28.282828 12.744194 12.649845 12.838544
29.292929 12.744304 12.649865 12.838743
30.303030 12.744305 12.649866 12.838744
31.313131 12.744349 12.649899 12.838799
32.323232 12.744392 12.649982 12.838803
33.333333 12.744484 12.650036 12.838933
34.343434 12.744515 12.650047 12.838984
35.353535 12.744594 12.650139 12.839049
36.363636 12.744677 12.650114 12.839240
37.373737 12.744749 12.650161 12.839337
38.383838 12.744776 12.650149 12.839402
39.393939 12.744779 12.650152 12.839405
40.404040 12.744881 12.650301 12.839460
41.414141 12.744941 12.650341 12.839542
42.424242 12.744942 12.650343 12.839541
43.434343 12.745045 12.650451 12.839639
44.444444 12.745050 12.650464 12.839636
45.454545 12.745075 12.650523 12.839627
46.464646 12.745103 12.650534 12.839672
47.474747 12.745186 12.650491 12.839882
48.484848 12.745198 12.650505 12.839892
49.494949 12.745300 12.650535 12.840065
50.505051 12.745394 12.650612 12.840176
51.515152 12.745434 12.650635 12.840232
52.525253 12.745476 12.650683 12.840270
53.535354 12.745542 12.650713 12.840370
54.545455 12.745587 12.650749 12.840425
55.555556 12.745706 12.650716 12.840696
56.565657 12.745716 12.650728 12.840704
57.575758 12.745833 12.650857 12.840809
58.585859 12.745928 12.650867 12.840989
59.595960 12.745935 12.650875 12.840995
60.606061 12.745957 12.650902 12.841013
61.616162 12.745971 12.650919 12.841023
62.626263 12.745975 12.650921 12.841029
63.636364 12.745979 12.650927 12.841032
64.646465 12.745979 12.650927 12.841032
65.656566 12.746025 12.651006 12.841044
66.666667 12.746083 12.650977 12.841188
67.676768 12.746116 12.650959 12.841272
68.686869 12.746128 12.650974 12.841283
69.696970 12.746176 12.651027 12.841324
70.707071 12.746214 12.651022 12.841405
71.717172 12.746240 12.651008 12.841472
72.727273 12.746243 12.651008 12.841477
73.737374 12.746249 12.651004 12.841494
74.747475 12.746257 12.651002 12.841512
75.757576 12.746264 12.650999 12.841529
76.767677 12.746283 12.650989 12.841576
77.777778 12.746286 12.650987 12.841585
78.787879 12.746294 12.650985 12.841603
79.797980 12.746385 12.650936 12.841834
80.808081 12.746385 12.650936 12.841834
81.818182 12.746386 12.650936 12.841836
82.828283 12.746395 12.650937 12.841853
83.838384 12.746412 12.650928 12.841896
84.848485 12.746412 12.650928 12.841896
85.858586 12.746416 12.650928 12.841904
86.868687 12.746420 12.650928 12.841911
87.878788 12.746443 12.650915 12.841971
88.888889 12.746445 12.650914 12.841975
89.898990 12.746445 12.650914 12.841975
90.909091 12.746450 12.650915 12.841986
91.919192 12.746468 12.650905 12.842030
92.929293 12.746468 12.650905 12.842032
93.939394 12.746468 12.650905 12.842032
94.949495 12.746468 12.650905 12.842032
95.959596 12.746496 12.650890 12.842101
96.969697 12.746518 12.650878 12.842157
97.979798 12.746518 12.650878 12.842157
98.989899 12.760027 12.665594 12.854460
100.000000 0.000000 0.000000 0.000000
