# time_s density
217.028475 6.12050859e-05
217.053931 7.7120726e-05
217.079388 9.68463368e-05
217.104844 0.000121205905
217.1303 0.000151179481
217.155756 0.000187927535
217.181212 0.000232817959
217.206668 0.000287455772
217.232124 0.000353715496
217.25758 0.000433776119
217.283037 0.000530158456
217.308493 0.000645764624
217.333949 0.000783919222
217.359405 0.000948411667
217.384861 0.00114353899
217.410317 0.00137414823
217.435773 0.00164567744
217.461229 0.00196419399
217.486686 0.00233642896
217.512142 0.00276980587
217.537598 0.00327246222
217.563054 0.00385326185
217.58851 0.00452179626
217.613966 0.0052883728
217.639422 0.00616398767
217.664878 0.00716028169
217.690335 0.00828947706
217.715791 0.00956429299
217.741247 0.0109978391
217.766703 0.012603485
217.792159 0.0143947057
217.817615 0.0163849021
217.843071 0.0185871971
217.868527 0.0210142088
217.893983 0.0236778014
217.91944 0.0265888171
217.944896 0.0297567927
217.970352 0.033189664
217.995808 0.0368934634
218.021264 0.0408720172
218.04672 0.0451266475
218.072176 0.0496558881
218.097632 0.0544552192
218.123089 0.0595168307
218.148545 0.0648294225
218.174001 0.0703780471
218.199457 0.0761440056
218.224913 0.0821048014
218.250369 0.0882341592
218.275825 0.0945021145
218.301281 0.100875177
218.326738 0.107316572
218.352194 0.113786557
218.37765 0.120242815
218.403106 0.126640927
218.428562 0.132934905
218.454018 0.139077792
218.479474 0.145022316
218.50493 0.150721583
218.530387 0.156129806
218.555843 0.161203048
218.581299 0.165899969
218.606755 0.170182566
218.632211 0.174016878
218.657667 0.177373658
218.683123 0.180228983
218.708579 0.182564795
218.734036 0.184369356
218.759492 0.185637617
218.784948 0.186371473
218.810404 0.186579913
218.83586 0.186279055
218.861316 0.185492064
218.886772 0.184248945
218.912228 0.18258623
218.937684 0.180546555
218.963141 0.178178123
218.988597 0.175534093
219.014053 0.172671867
219.039509 0.169652329
219.064965 0.166539013
219.090421 0.163397239
219.115877 0.16029323
219.141333 0.157293213
219.16679 0.154462534
219.192246 0.151864794
219.217702 0.149561028
219.243158 0.147608925
219.268614 0.146062127
219.29407 0.144969588
219.319526 0.144375028
219.344982 0.144316466
219.370439 0.144825861
219.395895 0.145928845
219.421351 0.147644553
219.446807 0.149985564
219.472263 0.152957928
219.497719 0.156561292
219.523175 0.16078911
219.548631 0.165628931
219.574088 0.171062762
219.599544 0.177067482
219.625 0.183615315
219.650456 0.190674326
219.675912 0.198208953
219.701368 0.206180548
219.726824 0.214547909
219.75228 0.223267807
219.777736 0.232295489
219.803193 0.241585147
219.828649 0.251090335
219.854105 0.260764352
219.879561 0.27056056
219.905017 0.280432644
219.930473 0.290334818
219.955929 0.300221969
219.981385 0.310049748
220.006842 0.319774613
220.032298 0.329353824
220.057754 0.338745416
220.08321 0.347908135
220.108666 0.356801375
220.134122 0.365385109
220.159578 0.373619836
220.185034 0.381466547
220.210491 0.388886735
220.235947 0.395842442
220.261403 0.402296365
220.286859 0.40821202
220.312315 0.413553966
220.337771 0.418288101
220.363227 0.422382012
220.388683 0.425805388
220.41414 0.428530483
220.439596 0.430532619
220.465052 0.431790719
220.490508 0.432287852
220.515964 0.432011778
220.54142 0.430955473
220.566876 0.42911762
220.592332 0.426503043
220.617789 0.423123067
220.643245 0.418995799
220.668701 0.414146302
220.694157 0.408606649
220.719613 0.402415868
220.745069 0.395619744
220.770525 0.388270492
220.795981 0.3804263
220.821437 0.372150736
220.846894 0.363512041
220.87235 0.354582296
220.897806 0.345436505
220.923262 0.336151586
220.948718 0.326805298
220.974174 0.31747513
220.99963 0.308237161
221.025086 0.29916493
221.050543 0.290328317
221.075999 0.281792486
221.101455 0.273616887
221.126911 0.265854355
221.152367 0.258550307
221.177823 0.251742081
221.203279 0.245458403
221.228735 0.239719009
221.254192 0.234534425
221.279648 0.229905915
221.305104 0.225825588
221.33056 0.222276672
221.356016 0.219233944
221.381472 0.216664303
221.406928 0.214527487
221.432384 0.212776905
221.457841 0.211360569
221.483297 0.210222121
221.508753 0.209301913
221.534209 0.208538128
221.559665 0.207867926
221.585121 0.207228582
221.610577 0.20655859
221.636033 0.205798733
221.661489 0.204893068
221.686946 0.203789837
221.712402 0.20244227
221.737858 0.200809267
221.763314 0.198855963
221.78877 0.19655415
221.814226 0.193882565
221.839682 0.190827034
221.865138 0.18738048
221.890595 0.183542796
221.916051 0.179320595
221.941507 0.17472684
221.966963 0.169780372
221.992419 0.164505353
222.017875 0.158930627
222.043331 0.153089036
222.068787 0.147016683
222.094244 0.14075218
222.1197 0.134335894
222.145156 0.127809189
222.170612 0.121213712
222.196068 0.114590698
222.221524 0.107980344
222.24698 0.101421227
222.272436 0.0949497984
222.297893 0.0885999538
222.323349 0.0824026733
222.348805 0.0763857452
222.374261 0.0705735674
222.399717 0.0649870246
222.425173 0.0596434378
222.450629 0.0545565822
222.476085 0.0497367654
222.501542 0.0451909606
222.526998 0.0409229851
222.552454 0.0369337185
222.57791 0.0332213502
222.603366 0.0297816494
222.628822 0.0266082502
222.654278 0.0236929428
222.679734 0.0210259664
222.70519 0.0185962961
222.730647 0.0163919197
222.756103 0.0144000998
222.781559 0.012607617
222.807015 0.0110009936
222.832471 0.00956669313
222.857927 0.00829129702
222.883383 0.00716165704
222.908839 0.00616502349
222.934296 0.00528915027
222.959752 0.00452237784
222.985208 0.00385369541
223.010664 0.00327278434
223.03612 0.00277004439
223.061576 0.00233660498
223.087032 0.00196432344
223.112488 0.00164577232
223.137945 0.00137421754
223.163401 0.00114358944
223.188857 0.000948448272
223.214313 0.00078394569
223.239769 0.000645783696
223.265225 0.000530172153
223.290681 0.000433785923
223.316137 0.000353722489
223.341594 0.000287460743
223.36705 0.000232821481
223.392506 0.000187930021
223.417962 0.000151181231
223.443418 0.000121207132
223.468874 9.68471944e-05
223.49433 7.71213234e-05
223.519786 6.12055006e-05
