# time_s density
204.930716 6.78832849e-05
204.957804 8.91416567e-05
204.984892 0.000116506154
205.01198 0.00015155398
205.039068 0.000196216777
205.066156 0.000252845509
205.093244 0.00032428336
205.120332 0.000413946674
205.14742 0.000525913653
205.174509 0.000665020154
205.201597 0.000836961502
205.228685 0.00104839869
205.255773 0.00130706677
205.282861 0.00162188251
205.309949 0.00200304783
205.337037 0.00246214466
205.364125 0.00301221608
205.391213 0.00366782828
205.418301 0.00444510659
205.44539 0.00536173912
205.472478 0.00643694046
205.499566 0.00769136849
205.526654 0.00914698694
205.553742 0.0108268673
205.58083 0.0127549242
205.607918 0.0149555801
205.635006 0.0174533565
205.662094 0.0202723907
205.689182 0.0234358814
205.71627 0.0269654659
205.743359 0.0308805394
205.770447 0.0351975264
205.797535 0.0399291184
205.824623 0.0450834988
205.851711 0.0506635734
205.878799 0.0566662324
205.905887 0.0630816684
205.932975 0.0698927805
205.960063 0.0770746887
205.987151 0.0845943882
206.014239 0.0924105685
206.041328 0.100473619
206.068416 0.108725837
206.095504 0.117101859
206.122592 0.125529308
206.14968 0.133929667
206.176768 0.142219374
206.203856 0.150311098
206.230944 0.158115208
206.258032 0.165541374
206.28512 0.172500271
206.312208 0.178905348
206.339297 0.184674604
206.366385 0.189732332
206.393473 0.194010764
206.420561 0.197451584
206.447649 0.200007246
206.474737 0.201642073
206.501825 0.20233308
206.528913 0.202070514
206.556001 0.200858083
206.583089 0.198712871
206.610177 0.195664934
206.637266 0.1917566
206.664354 0.187041495
206.691442 0.181583312
206.71853 0.175454389
206.745618 0.168734108
206.772706 0.161507197
206.799794 0.15386196
206.826882 0.145888497
206.85397 0.137676972
206.881058 0.12931595
206.908147 0.12089088
206.935235 0.11248272
206.962323 0.104166764
206.989411 0.096011669
207.016499 0.0880787123
207.043587 0.0804212638
207.070675 0.0730844878
207.097763 0.0661052547
207.124851 0.0595122507
207.151939 0.0533262638
207.179027 0.0475606249
207.206116 0.0422217755
207.233204 0.0373099369
207.260292 0.0328198534
207.28738 0.0287415824
207.314468 0.02506131
207.341556 0.0217621662
207.368644 0.0188250254
207.395732 0.0162292733
207.42282 0.0139535293
207.449908 0.0119763161
207.476996 0.0102766693
207.504085 0.00883468615
207.531173 0.00763201057
207.558261 0.00665225821
207.585349 0.00588138292
207.612437 0.00530798936
207.639525 0.00492359576
207.666613 0.00472285115
207.693701 0.00470371094
207.720789 0.00486757386
207.747877 0.00521938212
207.774965 0.0057676854
207.802054 0.00652466796
207.829142 0.00750613652
207.85623 0.00873146554
207.883318 0.010223495
207.910406 0.0120083751
207.937494 0.0141153521
207.964582 0.0165764881
207.99167 0.0194263095
208.018758 0.0227013786
208.045846 0.0264397845
208.072935 0.030680551
208.100023 0.0354629616
208.127111 0.0408258053
208.154199 0.0468065487
208.181287 0.0534404435
208.208375 0.0607595842
208.235463 0.0687919299
208.262551 0.0775603126
208.289639 0.0870814532
208.316727 0.0973650115
208.343815 0.108412697
208.370904 0.12021747
208.397992 0.132762858
208.42508 0.146022416
208.452168 0.159959365
208.479256 0.174526408
208.506344 0.189665769
208.533432 0.205309443
208.56052 0.221379685
208.587608 0.237789714
208.614696 0.254444651
208.641784 0.27124265
208.668873 0.288076224
208.695961 0.304833721
208.723049 0.321400924
208.750137 0.337662741
208.777225 0.353504933
208.804313 0.368815846
208.831401 0.383488099
208.858489 0.397420188
208.885577 0.410517974
208.912665 0.422696001
208.939753 0.433878639
208.966842 0.444001017
208.99393 0.453009735
209.021018 0.460863345
209.048106 0.467532605
209.075194 0.47300052
209.102282 0.477262171
209.12937 0.480324365
209.156458 0.482205119
209.183546 0.482933016
209.210634 0.482546451
209.237723 0.481092797
209.264811 0.478627518
209.291899 0.475213249
209.318987 0.470918856
209.346075 0.465818498
209.373163 0.459990692
209.400251 0.45351739
209.427339 0.446483054
209.454427 0.438973742
209.481515 0.431076193
209.508603 0.422876893
209.535692 0.414461131
209.56278 0.405912033
209.589868 0.397309578
209.616956 0.388729588
209.644044 0.380242722
209.671132 0.371913472
209.69822 0.363799182
209.725308 0.355949128
209.752396 0.348403679
209.779484 0.341193568
209.806572 0.334339323
209.833661 0.327850868
209.860749 0.321727344
209.887837 0.31595716
209.914925 0.310518306
209.942013 0.305378923
209.969101 0.300498142
209.996189 0.295827177
210.023277 0.291310652
210.050365 0.286888131
210.077453 0.282495813
210.104541 0.278068341
210.13163 0.273540668
210.158718 0.268849933
210.185806 0.263937274
210.212894 0.258749527
210.239982 0.253240753
210.26707 0.247373546
210.294158 0.241120076
210.321246 0.234462844
210.348334 0.227395116
210.375422 0.219921042
210.402511 0.212055452
210.429599 0.203823346
210.456687 0.195259107
210.483775 0.186405468
210.510863 0.177312274
210.537951 0.168035093
210.565039 0.158633716
210.592127 0.149170615
210.619215 0.139709387
210.646303 0.130313259
210.673391 0.121043675
210.70048 0.111959017
210.727568 0.103113487
210.754656 0.0945561669
210.781744 0.0863302857
210.808832 0.0784726816
210.83592 0.071013475
210.863008 0.0639759354
210.890096 0.0573765319
210.917184 0.0512251477
210.944272 0.0455254365
210.97136 0.0402752973
210.998449 0.0354674391
211.025537 0.031090012
211.052625 0.0271272773
211.079713 0.0235602951
211.106801 0.0203676049
211.133889 0.0175258849
211.160977 0.0150105705
211.188065 0.0127964229
211.215153 0.0108580384
211.242241 0.00917029122
211.269329 0.00770870996
211.296418 0.00644978448
211.323506 0.00537120759
211.350594 0.00445205399
211.377682 0.00367290199
211.40477 0.00301590409
211.431858 0.00246481285
211.458946 0.00200496917
211.486034 0.00162325955
211.513122 0.00130804909
211.54021 0.00104909614
211.567299 0.000837454371
211.594387 0.000665366816
211.621475 0.000526156336
211.648563 0.000414115768
211.675651 0.000324400625
211.702739 0.00025292645
211.729827 0.000196272383
211.756915 0.000151592001
211.784003 0.00011653203
211.811091 8.91591837e-05
211.838179 6.78951011e-05
