# fraction_pct mean ci_low ci_high
0.000000 0.000000 0.000000 0.000000
1.010101 0.000000 0.000000 0.000001
2.020202 0.000000 0.000000 0.000001
3.030303 0.000001 0.000000 0.000001
4.040404 0.000001 0.000000 0.000001
5.050505 0.000001 0.000000 0.000001
6.060606 0.000001 0.000000 0.000001
7.070707 0.000001 0.000000 0.000001
8.080808 0.000001 0.000000 0.000001
9.090909 0.000001 0.000000 0.000001
10.101010 0.000001 0.000000 0.000001
11.111111 0.000001 0.000000 0.000001
12.121212 0.000001 0.000000 0.000001
13.131313 0.016840 0.000000 0.060133
14.141414 0.065418 0.000000 0.168413
15.151515 0.371556 0.000000 0.890780
16.161616 0.825107 0.000000 1.825646
17.171717 2.291923 1.436765 3.147082
18.181818 3.188329 1.975771 4.400887
19.191919 4.167500 2.908801 5.426199
20.202020 4.887855 3.721768 6.053943
21.212121 5.563900 4.622182 6.505618
22.222222 6.275707 5.442661 7.108753
23.232323 6.933464 6.169919 7.697009
24.242424 7.431822 6.712290 8.151354
25.252525 7.724575 7.183384 8.265765
26.262626 8.162842 7.559641 8.766044
27.272727 8.370193 7.462361 9.278026
28.282828 8.284115 7.640052 8.928178
29.292929 8.458421 7.809691 9.107150
30.303030 8.927461 8.406117 9.448804
31.313131 9.489471 8.919183 10.059758
32.323232 10.197882 9.592715 10.803049
33.333333 9.665109 7.805700 11.524518
34.343434 9.491023 7.794287 11.187760
35.353535 8.815317 6.693868 10.936767
36.363636 8.816316 6.693758 10.938874
37.373737 8.841502 6.700459 10.982544
38.383838 9.077073 6.703427 11.450720
39.393939 9.135993 6.675747 11.596238
40.404040 9.355726 6.626744 12.084708
41.414141 9.346942 6.629673 12.064212
42.424242 8.994763 6.614380 11.375147
43.434343 8.994763 6.614380 11.375147
44.444444 8.994763 6.614380 11.375147
45.454545 9.076595 6.643690 11.509500
46.464646 9.226874 6.655134 11.798615
47.474747 9.339193 6.632143 12.046244
48.484848 9.235667 6.654243 11.817091
49.494949 8.693988 6.349265 11.038710
50.505051 8.373517 5.797825 10.949209
51.515152 8.097834 6.007555 10.188114
52.525253 7.931155 6.411513 9.450796
53.535354 7.485313 7.176197 7.794429
54.545455 7.875009 7.566348 8.183670
55.555556 8.004763 7.761284 8.248242
56.565657 8.026350 7.838330 8.214370
57.575758 8.044483 7.903084 8.185883
58.585859 8.068870 7.990168 8.147572
59.595960 8.075824 8.015000 8.136647
60.606061 8.099348 8.098964 8.099733
61.616162 8.099363 8.099012 8.099714
62.626263 8.099363 8.099012 8.099714
63.636364 8.099363 8.099012 8.099714
64.646465 8.099363 8.099012 8.099714
65.656566 7.566736 6.197049 8.936423
66.666667 7.566736 6.197049 8.936423
67.676768 6.937079 4.565088 9.309069
68.686869 5.386143 3.163270 7.609016
69.696970 2.628470 1.825609 3.431331
70.707071 1.525364 1.106442 1.944285
71.717172 0.959582 0.648934 1.270230
72.727273 0.762401 0.507072 1.017730
73.737374 0.504023 0.036913 0.971132
74.747475 0.408700 0.254209 0.563192
75.757576 0.587333 0.287307 0.887359
76.767677 0.748134 0.283438 1.212830
77.777778 0.814869 0.285410 1.344328
78.787879 0.814869 0.285410 1.344328
79.797980 0.814869 0.285410 1.344328
80.808081 0.814869 0.285410 1.344328
81.818182 0.814869 0.285410 1.344328
82.828283 0.818144 0.285180 1.351109
83.838384 0.856024 0.283429 1.428620
84.848485 0.978500 0.245017 1.711983
85.858586 1.796303 0.225475 3.367131
86.868687 2.227712 0.215911 4.239513
87.878788 1.416579 0.122205 2.710952
88.888889 0.856024 0.283429 1.428620
89.898990 0.944425 0.263102 1.625747
90.909091 1.068833 0.260149 1.877517
91.919192 0.999409 0.260530 1.738288
92.929293 0.302998 0.272755 0.333241
93.939394 0.345546 0.165012 0.526079
94.949495 0.992455 0.000000 2.312270
95.959596 0.072336 0.063283 0.081390
96.969697 0.096683 0.083013 0.110354
97.979798 0.296573 0.164590 0.428556
98.989899 0.092507 0.000000 0.201777
100.000000 0.025117 0.025043 0.025191
