# fraction_pct mean ci_low ci_high
0.000000 0.005113 0.001952 0.008274
1.010101 0.100985 0.000000 0.345288
2.020202 0.347467 0.000000 0.728592
3.030303 0.657115 0.468097 0.846132
4.040404 0.863099 0.713808 1.012389
5.050505 1.071709 0.825161 1.318257
6.060606 1.176313 0.981113 1.371513
7.070707 1.306658 1.300893 1.312424
8.080808 1.450230 1.242141 1.658318
9.090909 1.498994 1.285053 1.712935
10.101010 1.548054 1.316941 1.779166
11.111111 1.687448 1.650396 1.724500
12.121212 1.715981 1.697746 1.734216
13.131313 1.732144 1.703634 1.760655
14.141414 1.944148 1.560260 2.328035
15.151515 2.483757 1.741716 3.225799
16.161616 3.090331 2.803911 3.376750
17.171717 3.338526 3.255480 3.421572
18.181818 3.397962 3.354612 3.441312
19.191919 3.459572 3.345787 3.573356
20.202020 3.612276 3.219349 4.005203
21.212121 3.744946 3.310032 4.179861
22.222222 3.899539 3.534339 4.264739
23.232323 4.111424 3.858859 4.363989
24.242424 4.152837 3.923134 4.382540
25.252525 4.185131 3.919312 4.450950
26.262626 4.236855 3.876324 4.597385
27.272727 4.254306 3.919751 4.588860
28.282828 4.472268 4.225945 4.718590
29.292929 4.890732 4.693742 5.087721
30.303030 5.059160 4.776584 5.341737
31.313131 5.088992 4.744202 5.433782
32.323232 5.094725 4.758676 5.430774
33.333333 5.101052 4.772298 5.429807
34.343434 5.101758 4.772829 5.430686
35.353535 5.101986 4.773011 5.430961
36.363636 5.105575 4.778363 5.432786
37.373737 5.107136 4.779365 5.434907
38.383838 5.107314 4.779604 5.435023
39.393939 5.107415 4.779476 5.435353
40.404040 5.107415 4.779476 5.435353
41.414141 5.107415 4.779476 5.435353
42.424242 5.107423 4.779482 5.435365
43.434343 5.107424 4.779482 5.435366
44.444444 5.107424 4.779482 5.435366
45.454545 5.107424 4.779482 5.435366
46.464646 5.107424 4.779482 5.435366
47.474747 5.107424 4.779482 5.435366
48.484848 5.107424 4.779482 5.435366
49.494949 5.107424 4.779482 5.435366
50.505051 5.107444 4.779495 5.435393
51.515152 5.107446 4.779498 5.435394
52.525253 5.110900 4.775131 5.446669
53.535354 5.110971 4.775041 5.446902
54.545455 5.112111 4.775204 5.449019
55.555556 5.432149 4.876837 5.987461
56.565657 6.441468 6.111895 6.771040
57.575758 8.284047 7.470536 9.097558
58.585859 9.017663 8.538825 9.496501
59.595960 9.771688 7.974281 11.569096
60.606061 12.644088 11.253672 14.034503
61.616162 13.962255 13.407973 14.516536
62.626263 14.821567 14.262300 15.380835
63.636364 15.335065 14.834847 15.835284
64.646465 15.630202 14.700521 16.559884
65.656566 15.907647 14.606314 17.208980
66.666667 16.222695 15.141273 17.304117
67.676768 16.339413 15.268570 17.410255
68.686869 16.654122 15.789852 17.518392
69.696970 17.314600 16.005391 18.623809
70.707071 17.736688 16.540870 18.932505
71.717172 18.427782 17.359976 19.495588
72.727273 18.635606 17.735479 19.535734
73.737374 18.650453 17.740788 19.560118
74.747475 18.686481 17.829652 19.543309
75.757576 18.687827 17.836910 19.538743
76.767677 18.689075 17.838679 19.539471
77.777778 18.687976 17.837895 19.538058
78.787879 18.688222 17.837939 19.538504
79.797980 18.688328 17.837897 19.538758
80.808081 18.688365 17.837894 19.538836
81.818182 18.688390 17.837907 19.538874
82.828283 18.688484 17.837816 19.539153
83.838384 18.687891 17.837325 19.538458
84.848485 18.688124 17.837542 19.538707
85.858586 18.688353 17.837312 19.539394
86.868687 18.688371 17.837332 19.539409
87.878788 18.688402 17.837299 19.539505
88.888889 18.688411 17.837300 19.539523
89.898990 18.688413 17.837300 19.539526
90.909091 18.688492 17.837394 19.539591
91.919192 18.695353 17.844901 19.545805
92.929293 18.695367 17.844310 19.546425
93.939394 18.696585 17.842176 19.550995
94.949495 18.700586 17.850872 19.550299
95.959596 18.715085 17.882508 19.547663
96.969697 18.715254 17.883302 19.547207
97.979798 18.715377 17.883430 19.547324
98.989899 5.080340 0.000000 13.534910
100.000000 0.000000 0.000000 0.000000
