# time_s density
77.86292 4.5929892e-05
77.8917864 5.59255808e-05
77.9206527 6.79297622e-05
77.9495191 8.23084083e-05
77.9783854 9.94861989e-05
78.0072518 0.000119954351
78.0361181 0.000144279197
78.0649845 0.000173111525
78.0938508 0.00020719669
78.1227172 0.000247385488
78.1515835 0.000294645775
78.1804499 0.00035007478
78.2093162 0.000414912059
78.2381826 0.000490552999
78.2670489 0.000578562767
78.2959153 0.00068069055
78.3247816 0.000798883925
78.353648 0.000935303149
78.3825143 0.00109233512
78.4113807 0.00127260677
78.440247 0.00147899746
78.4691133 0.00171465026
78.4979797 0.00198298142
78.526846 0.00228768792
78.5557124 0.0026327524
78.5845787 0.00302244523
78.6134451 0.00346132302
78.6423114 0.00395422326
78.6711778 0.0045062545
78.7000441 0.00512278158
78.7289105 0.00580940549
78.7577768 0.00657193746
78.7866432 0.00741636681
78.8155095 0.00834882231
78.8443759 0.00937552688
78.8732422 0.0105027453
78.9021086 0.0117367251
78.9309749 0.0130836306
78.9598413 0.0145494707
78.9887076 0.0161400195
79.017574 0.017860733
79.0464403 0.0197166588
79.0753067 0.0217123436
79.104173 0.0238517365
79.1330394 0.0261380911
79.1619057 0.0285738672
79.1907721 0.0311606331
79.2196384 0.033898972
79.2485048 0.0367883914
79.2773711 0.0398272405
79.3062375 0.0430126348
79.3351038 0.0463403922
79.3639702 0.0498049802
79.3928365 0.0533994783
79.4217028 0.057115556
79.4505692 0.0609434677
79.4794355 0.0648720678
79.5083019 0.0688888448
79.5371682 0.0729799768
79.5660346 0.0771304094
79.5949009 0.0813239538
79.6237673 0.0855434084
79.6526336 0.0897707001
79.6815 0.0939870463
79.7103663 0.098173136
79.7392327 0.102309327
79.768099 0.106375858
79.7969654 0.110353072
79.8258317 0.114221652
79.8546981 0.117962856
79.8835644 0.121558762
79.9124308 0.124992501
79.9412971 0.128248498
79.9701635 0.131312691
79.9990298 0.134172743
80.0278962 0.136818232
80.0567625 0.13924083
80.0856289 0.141434443
80.1144952 0.143395336
80.1433616 0.14512222
80.1722279 0.14661631
80.2010943 0.147881349
80.2299606 0.148923596
80.258827 0.149751779
80.2876933 0.150377013
80.3165596 0.150812679
80.345426 0.151074279
80.3742923 0.151179253
80.4031587 0.15114677
80.432025 0.150997497
80.4608914 0.150753339
80.4897577 0.150437176
80.5186241 0.150072574
80.5474904 0.149683497
80.5763568 0.149294017
80.6052231 0.148928025
80.6340895 0.148608948
80.6629558 0.148359484
80.6918222 0.148201354
80.7206885 0.148155071
80.7495549 0.148239741
80.7784212 0.148472894
80.8072876 0.14887034
80.8361539 0.149446064
80.8650203 0.150212161
80.8938866 0.151178796
80.922753 0.15235421
80.9516193 0.153744755
80.9804857 0.155354967
81.009352 0.157187662
81.0382184 0.159244067
81.0670847 0.161523972
81.0959511 0.164025897
81.1248174 0.16674728
81.1536838 0.169684671
81.1825501 0.172833927
81.2114165 0.176190411
81.2402828 0.179749176
81.2691491 0.183505147
81.2980155 0.187453274
81.3268818 0.191588671
81.3557482 0.195906723
81.3846145 0.200403167
81.4134809 0.205074137
81.4423472 0.209916177
81.4712136 0.214926219
81.5000799 0.220101518
81.5289463 0.225439561
81.5578126 0.230937938
81.586679 0.236594181
81.6155453 0.242405577
81.6444117 0.248368961
81.673278 0.254480483
81.7021444 0.260735373
81.7310107 0.267127692
81.7598771 0.273650082
81.7887434 0.280293533
81.8176098 0.287047152
81.8464761 0.293897961
81.8753425 0.300830714
81.9042088 0.307827755
81.9330752 0.314868909
81.9619415 0.321931413
81.9908079 0.328989903
82.0196742 0.33601644
82.0485406 0.342980597
82.0774069 0.34984959
82.1062733 0.356588469
82.1351396 0.363160352
82.1640059 0.369526714
82.1928723 0.375647719
82.2217386 0.381482588
82.250605 0.38699001
82.2794713 0.392128575
82.3083377 0.396857229
82.337204 0.401135749
82.3660704 0.404925223
82.3949367 0.408188519
82.4238031 0.410890761
82.4526694 0.412999775
82.4815358 0.414486515
82.5104021 0.415325455
82.5392685 0.415494947
82.5681348 0.414977525
82.5970012 0.413760171
82.6258675 0.411834515
82.6547339 0.409196987
82.6836002 0.405848906
82.7124666 0.401796504
82.7413329 0.397050899
82.7701993 0.391628
82.7990656 0.385548354
82.827932 0.378836948
82.8567983 0.371522942
82.8856647 0.363639376
82.914531 0.355222816
82.9433974 0.346312981
82.9722637 0.336952324
83.0011301 0.327185605
83.0299964 0.317059435
83.0588627 0.306621818
83.0877291 0.295921688
83.1165954 0.285008442
83.1454618 0.273931497
83.1743281 0.262739843
83.2031945 0.251481636
83.2320608 0.240203799
83.2609272 0.228951662
83.2897935 0.217768635
83.3186599 0.206695907
83.3475262 0.195772196
83.3763926 0.185033528
83.4052589 0.174513057
83.4341253 0.164240935
83.4629916 0.154244205
83.491858 0.144546749
83.5207243 0.135169262
83.5495907 0.126129266
83.578457 0.117441157
83.6073234 0.10911628
83.6361897 0.101163033
83.6650561 0.0935869937
83.6939224 0.0863910671
83.7227888 0.0795756516
83.7516551 0.0731388183
83.7805215 0.0670765008
83.8093878 0.0613826931
83.8382542 0.0560496515
83.8671205 0.0510680989
83.8959869 0.0464274271
83.9248532 0.042115896
83.9537196 0.0381208277
83.9825859 0.0344287926
84.0114522 0.031025786
84.0403186 0.0278973953
84.0691849 0.0250289544
84.0980513 0.0224056873
84.1269176 0.0200128373
84.155784 0.0178357839
84.1846503 0.0158601466
84.2135167 0.0140718747
84.242383 0.012457325
84.2712494 0.0110033269
84.3001157 0.00969723519
84.3289821 0.00852697226
84.3578484 0.00748105924
84.3867148 0.00654863794
84.4155811 0.0057194838
84.4444475 0.00498401096
84.4733138 0.00433327035
84.5021802 0.00375894156
84.5310465 0.00325331947
84.5599129 0.00280929648
84.5887792 0.00242034092
84.6176456 0.00208047267
84.6465119 0.00178423643
84.6753783 0.00152667337
84.7042446 0.00130329174
84.733111 0.00111003686
84.7619773 0.000943261005
84.7908437 0.000799693524
84.81971 0.000676411544
84.8485764 0.000570811497
84.8774427 0.00048058171
84.906309 0.000403676219
84.9351754 0.000338289947
84.9640417 0.000282835317
84.9929081 0.000235920372
85.0217744 0.000196328423
85.0506408 0.000162999219
85.0795071 0.000135011634
85.1083735 0.000111567813
85.1372398 9.19787418e-05
85.1661062 7.5651162e-05
85.1949725 6.20757737e-05
85.2238389 5.08166356e-05
