# fraction_pct mean ci_low ci_high
0.000000 0.000000 0.000000 0.000000
1.010101 0.957554 0.000000 3.419425
2.020202 2.508984 0.000000 6.662817
3.030303 4.539393 0.000000 9.868593
4.040404 8.444400 4.715603 12.173198
5.050505 12.079649 8.750323 15.408975
6.060606 12.661832 7.921299 17.402364
7.070707 13.842566 7.899869 19.785264
8.080808 17.393763 11.479537 23.307988
9.090909 36.349179 31.555057 41.143302
10.101010 55.381766 40.416935 70.346598
11.111111 57.212810 42.869209 71.556410
12.121212 57.853257 45.145426 70.561088
13.131313 58.367365 46.970368 69.764363
14.141414 59.029995 49.318142 68.741848
15.151515 59.560371 51.191934 67.928808
16.161616 60.243840 53.594470 66.893210
17.171717 60.757072 55.382349 66.131796
18.181818 61.381135 57.515529 65.246742
19.191919 63.219669 59.919374 66.519963
20.202020 65.686714 63.001471 68.371957
21.212121 68.014017 65.745332 70.282702
22.222222 70.337526 68.855349 71.819703
23.232323 72.680779 70.935839 74.425720
24.242424 75.040771 73.421105 76.660437
25.252525 78.011707 76.397192 79.626221
26.262626 82.166815 79.704609 84.629020
27.272727 85.176859 81.426398 88.927320
28.282828 86.958393 83.101113 90.815674
29.292929 89.033580 87.280938 90.786222
30.303030 84.146247 69.616574 98.675921
31.313131 65.239240 59.248110 71.230371
32.323232 33.716795 32.824952 34.608637
33.333333 33.392003 33.391986 33.392019
34.343434 33.392003 33.391986 33.392019
35.353535 33.392003 33.391986 33.392019
36.363636 33.410848 33.379589 33.442107
37.373737 34.136835 33.557387 34.716283
38.383838 34.492519 34.492503 34.492535
39.393939 34.820945 33.976560 35.665330
40.404040 35.490928 34.442526 36.539331
41.414141 35.819354 34.965902 36.672807
42.424242 36.017475 34.943163 37.091788
43.434343 36.030560 34.953435 37.107684
44.444444 36.030560 34.953435 37.107684
45.454545 36.042850 35.638021 36.447680
46.464646 36.187177 36.153410 36.220943
47.474747 36.187177 36.153410 36.220943
48.484848 36.187177 36.153410 36.220943
49.494949 36.187177 36.153410 36.220943
50.505051 36.187177 36.153410 36.220943
51.515152 36.187177 36.153410 36.220943
52.525253 36.187177 36.153410 36.220943
53.535354 36.362339 35.945764 36.778914
54.545455 36.200309 36.200293 36.200325
55.555556 36.200309 36.200293 36.200325
56.565657 36.200309 36.200293 36.200325
57.575758 36.200309 36.200293 36.200325
58.585859 36.200309 36.200293 36.200325
59.595960 36.200309 36.200293 36.200325
60.606061 36.200309 36.200293 36.200325
61.616162 36.746761 35.341837 38.151685
62.626263 36.188896 36.159550 36.218242
63.636364 36.188896 36.159550 36.218242
64.646465 36.188896 36.159550 36.218242
65.656566 36.188896 36.159550 36.218242
66.666667 36.188896 36.159550 36.218242
67.676768 36.427050 35.844101 37.010000
68.686869 36.164224 36.071448 36.257001
69.696970 36.164224 36.071448 36.257001
70.707071 36.164224 36.071448 36.257001
71.717172 37.074364 35.585141 38.563587
72.727273 37.122452 35.685275 38.559629
73.737374 37.040572 35.509854 38.571291
74.747475 37.040572 35.509854 38.571291
75.757576 37.040572 35.509854 38.571291
76.767677 37.040572 35.509854 38.571291
77.777778 36.657899 35.301393 38.014405
78.787879 36.623577 35.230941 38.016212
79.797980 36.623577 35.230941 38.016212
80.808081 36.623577 35.230941 38.016212
81.818182 36.623577 35.230941 38.016212
82.828283 36.581863 35.171754 37.991971
83.838384 36.008628 35.695822 36.321434
84.848485 36.008628 35.695822 36.321434
85.858586 36.008628 35.695822 36.321434
86.868687 36.499921 35.084099 37.915743
87.878788 35.997215 35.694762 36.299669
88.888889 36.296898 35.393744 37.200053
89.898990 35.906465 35.614856 36.198073
90.909091 35.906465 35.614856 36.198073
91.919192 35.906465 35.614856 36.198073
92.929293 35.907305 35.617857 36.196753
93.939394 36.418609 35.382129 37.455089
94.949495 35.827592 35.533867 36.121316
95.959596 35.827592 35.533867 36.121316
96.969697 35.508431 35.436373 35.580490
97.979798 35.396580 35.395930 35.397230
98.989899 35.452611 35.307905 35.597317
100.000000 28.708170 10.781234 46.635106
