# fraction_pct mean ci_low ci_high
0.000000 0.000239 0.000000 0.000486
1.010101 2.499273 0.000000 8.924400
2.020202 5.369018 0.000000 13.865512
3.030303 8.433229 0.000000 17.346645
4.040404 14.406243 13.588595 15.223892
5.050505 15.509845 14.756999 16.262690
6.060606 15.811719 14.930503 16.692935
7.070707 15.824848 14.922519 16.727176
8.080808 16.118725 15.313151 16.924300
9.090909 16.384835 15.364448 17.405223
10.101010 16.617570 15.704421 17.530719
11.111111 16.586502 15.788632 17.384371
12.121212 16.540738 15.691875 17.389602
13.131313 16.552597 15.718241 17.386954
14.141414 16.542328 15.695459 17.389197
15.151515 16.526453 15.659013 17.393893
16.161616 16.585610 15.786881 17.384339
17.171717 16.582494 15.780719 17.384269
18.181818 16.576806 15.769294 17.384318
19.191919 16.375114 15.511089 17.239138
20.202020 15.777505 14.588369 16.966641
21.212121 11.323112 6.100169 16.546056
22.222222 5.263746 1.831320 8.696172
23.232323 3.851158 3.689072 4.013245
24.242424 3.930781 3.829515 4.032047
25.252525 3.948965 3.847224 4.050707
26.262626 4.000860 3.896975 4.104745
27.272727 4.055963 3.941716 4.170210
28.282828 4.088917 3.964645 4.213190
29.292929 4.190581 3.988611 4.392551
30.303030 4.261507 3.990224 4.532790
31.313131 4.255345 4.025701 4.484989
32.323232 4.321941 4.106705 4.537177
33.333333 5.568697 5.285715 5.851680
34.343434 7.168252 7.010220 7.326284
35.353535 8.152064 7.091043 9.213086
36.363636 11.679684 8.496798 14.862571
37.373737 15.286772 12.940741 17.632803
38.383838 16.083173 15.379325 16.787021
39.393939 15.447616 13.643906 17.251326
40.404040 15.992088 14.266225 17.717951
41.414141 15.677457 13.892402 17.462511
42.424242 15.700066 13.802673 17.597459
43.434343 16.604034 15.415665 17.792403
44.444444 16.616799 15.407984 17.825615
45.454545 16.920213 15.256523 18.583903
46.464646 15.971812 14.018621 17.925003
47.474747 15.862574 13.930038 17.795110
48.484848 15.976281 13.785037 18.167524
49.494949 15.964724 13.800165 18.129284
50.505051 15.898511 13.885206 17.911816
51.515152 16.230240 14.865131 17.595349
52.525253 16.239381 14.851526 17.627236
53.535354 16.318729 14.732511 17.904946
54.545455 16.875448 14.566750 19.184145
55.555556 16.652056 15.304509 17.999602
56.565657 16.602057 15.106509 18.097605
57.575758 16.827946 14.662668 18.993225
58.585859 16.805251 14.689317 18.921184
59.595960 16.724817 14.779744 18.669889
60.606061 16.774669 14.724478 18.824860
61.616162 16.987869 14.463969 19.511768
62.626263 16.443001 15.019268 17.866734
63.636364 16.610648 14.894465 18.326830
64.646465 16.572757 14.927994 18.217520
65.656566 16.915159 14.556433 19.273885
66.666667 16.933457 14.533464 19.333451
67.676768 17.219043 14.153334 20.284752
68.686869 16.529572 14.962790 18.096354
69.696970 16.359671 14.940767 17.778576
70.707071 16.436384 14.852121 18.020647
71.717172 17.492306 15.876920 19.107692
72.727273 17.511717 15.864094 19.159340
73.737374 17.626950 15.771773 19.482126
74.747475 17.356420 15.937767 18.775073
75.757576 17.278647 15.944186 18.613108
76.767677 17.334949 15.941897 18.728002
77.777778 17.125836 15.392805 18.858867
78.787879 17.040487 14.443297 19.637677
79.797980 16.712481 14.642022 18.782941
80.808081 16.619119 14.467486 18.770752
81.818182 16.805421 15.003496 18.607346
82.828283 16.876602 15.066377 18.686827
83.838384 16.287756 13.679214 18.896297
84.848485 15.524873 13.446929 17.602817
85.858586 15.485259 13.498858 17.471660
86.868687 15.949609 13.685977 18.213242
87.878788 15.482514 13.472277 17.492750
88.888889 16.903826 13.863413 19.944239
89.898990 14.866695 12.346980 17.386410
90.909091 15.062197 12.816316 17.308078
91.919192 15.061591 12.817157 17.306025
92.929293 15.081111 12.790020 17.372203
93.939394 16.475262 13.309933 19.640590
94.949495 14.926337 12.520760 17.331914
95.959596 15.307873 13.194257 17.421488
96.969697 15.717482 13.645839 17.789125
97.979798 14.820553 12.252424 17.388683
98.989899 15.118631 11.792378 18.444885
100.000000 12.920568 4.560042 21.281095
