# time_s density
900.085927 1.40234494e-05
900.173597 1.67133443e-05
900.261267 1.98819783e-05
900.348937 2.36071789e-05
900.436607 2.79780467e-05
900.524276 3.30963465e-05
900.611946 3.90780297e-05
900.699616 4.60548946e-05
900.787286 5.41763902e-05
900.874956 6.36115671e-05
900.962626 7.45511802e-05
901.050296 8.72099437e-05
901.137966 0.000101828938
901.225636 0.000118678171
901.313305 0.00013805928
901.400975 0.000160308378
901.488645 0.00018579903
901.576315 0.000214945341
901.663985 0.000248205153
901.751655 0.000286083311
901.839325 0.000329134991
901.926995 0.000377969053
902.014665 0.000433251389
902.102334 0.000495708215
902.190004 0.000566129292
902.277674 0.000645370993
902.365344 0.000734359197
902.453014 0.000834091928
902.540684 0.00094564169
902.628354 0.00107015744
902.716024 0.00120886609
902.803694 0.00136307355
902.891363 0.00153416515
902.979033 0.00172360538
903.066703 0.00193293698
903.154373 0.00216377912
903.242043 0.00241782475
903.329713 0.00269683703
903.417383 0.0030026447
903.505053 0.00333713637
903.592723 0.00370225373
903.680392 0.00409998359
903.768062 0.00453234872
903.855732 0.00500139744
903.943402 0.00550919211
904.031072 0.00605779629
904.118742 0.00664926086
904.206412 0.00728560889
904.294082 0.00796881956
904.381752 0.0087008111
904.469421 0.0094834228
904.557091 0.0103183964
904.644761 0.0112073567
904.732431 0.012151792
904.820101 0.0131530344
904.907771 0.0142122394
904.995441 0.0153303665
905.083111 0.0165081599
905.170781 0.0177461297
905.25845 0.0190445345
905.34612 0.0204033647
905.43379 0.0218223275
905.52146 0.0233008338
905.60913 0.0248379864
905.6968 0.0264325715
905.78447 0.0280830519
905.87214 0.0297875626
905.959809 0.0315439104
906.047479 0.0333495753
906.135149 0.0352017161
906.222819 0.0370971784
906.310489 0.0390325065
906.398159 0.0410039585
906.485829 0.0430075248
906.573499 0.0450389498
906.661169 0.0470937566
906.748838 0.049167275
906.836508 0.0512546723
906.924178 0.0533509863
907.011848 0.0554511609
907.099518 0.0575500836
907.187188 0.0596426241
907.274858 0.0617236747
907.362528 0.0637881909
907.450198 0.0658312324
907.537867 0.0678480041
907.625537 0.0698338955
907.713207 0.0717845201
907.800877 0.0736957521
907.888547 0.0755637612
907.976217 0.0773850448
908.063887 0.0791564568
908.151557 0.0808752333
908.239227 0.0825390137
908.326896 0.0841458583
908.414566 0.0856942603
908.502236 0.0871831547
908.589906 0.0886119199
908.677576 0.0899803767
908.765246 0.0912887803
908.852916 0.0925378083
908.940586 0.0937285433
909.028256 0.0948624506
909.115925 0.0959413515
909.203595 0.0969673924
909.291265 0.0979430095
909.378935 0.0988708903
909.466605 0.0997539319
909.554275 0.100595197
909.641945 0.101397865
909.729615 0.102165191
909.817285 0.102900446
909.904954 0.103606879
909.992624 0.10428766
910.080294 0.104945836
910.167964 0.105584285
910.255634 0.106205667
910.343304 0.106812388
910.430974 0.107406558
910.518644 0.107989956
910.606314 0.108563999
910.693983 0.109129719
910.781653 0.109687733
910.869323 0.110238237
910.956993 0.110780984
911.044663 0.111315285
911.132333 0.111840003
911.220003 0.112353561
911.307673 0.112853952
911.395343 0.113338751
911.483012 0.113805135
911.570682 0.114249915
911.658352 0.114669554
911.746022 0.115060212
911.833692 0.115417774
911.921362 0.115737897
912.009032 0.11601605
912.096702 0.116247564
912.184371 0.116427674
912.272041 0.116551574
912.359711 0.116614462
912.447381 0.116611596
912.535051 0.11653834
912.622721 0.116390215
912.710391 0.116162946
912.798061 0.11585251
912.885731 0.115455181
912.9734 0.114967568
913.06107 0.114386656
913.14874 0.113709842
913.23641 0.112934965
913.32408 0.112060332
913.41175 0.111084742
913.49942 0.110007509
913.58709 0.108828465
913.67476 0.107547983
913.762429 0.106166967
913.850099 0.104686865
913.937769 0.103109654
914.025439 0.101437833
914.113109 0.0996744115
914.200779 0.0978228869
914.288449 0.0958872238
914.376119 0.0938718264
914.463789 0.0917815089
914.551458 0.0896214614
914.639128 0.0873972144
914.726798 0.0851145994
914.814468 0.0827797082
914.902138 0.0803988507
914.989808 0.0779785109
915.077478 0.0755253027
915.165148 0.073045925
915.252818 0.0705471168
915.340487 0.0680356131
915.428157 0.065518102
915.515827 0.0630011818
915.603497 0.0604913218
915.691167 0.0579948232
915.778837 0.0555177833
915.866507 0.0530660625
915.954177 0.0506452533
916.041847 0.0482606532
916.129516 0.0459172403
916.217186 0.0436196524
916.304856 0.0413721696
916.392526 0.0391787002
916.480196 0.0370427705
916.567866 0.0349675173
916.655536 0.0329556843
916.743206 0.0310096221
916.830876 0.0291312905
916.918545 0.0273222642
917.006215 0.0255837416
917.093885 0.0239165553
917.181555 0.0223211862
917.269225 0.0207977782
917.356895 0.019346156
917.444565 0.017965844
917.532235 0.0166560859
917.619905 0.0154158666
917.707574 0.0142439336
917.795244 0.0131388199
917.882914 0.0120988664
917.970584 0.0111222451
918.058254 0.010206981
918.145924 0.00935097504
918.233594 0.0085520252
918.321264 0.00780784758
918.408934 0.00711609631
918.496603 0.00647438253
918.584273 0.00588029221
918.671943 0.00533140279
918.759613 0.00482529855
918.847283 0.00435958464
918.934953 0.0039318998
919.022623 0.00353992771
919.110293 0.00318140703
919.197962 0.00285414008
919.285632 0.00255600028
919.373302 0.00228493829
919.460972 0.00203898703
919.548642 0.00181626555
919.636312 0.00161498186
919.723982 0.00143343478
919.811652 0.0012700149
919.899322 0.00112320472
919.986991 0.000991578111
920.074661 0.000873799028
920.162331 0.00076861976
920.250001 0.000674878626
920.337671 0.000591497285
920.425341 0.000517477693
920.513011 0.000451898793
920.600681 0.000393912991
920.688351 0.00034274248
920.77602 0.000297675462
920.86369 0.00025806232
920.95136 0.000223311781
921.03903 0.000192887104
921.1267 0.000166302332
921.21437 0.000143118628
921.30204 0.000122940731
921.38971 0.000105413529
921.47738 9.02187952e-05
921.565049 7.70720625e-05
921.652719 6.57196795e-05
921.740389 5.59360273e-05
921.828059 4.75209131e-05
921.915729 4.02971359e-05
922.003399 3.41082249e-05
922.091069 2.88163451e-05
922.178739 2.43003676e-05
922.266409 2.04540966e-05
922.354078 1.71846478e-05
922.441748 1.44109702e-05
