# fraction_pct mean ci_low ci_high
0.000000 0.000000 0.000000 0.000000
1.010101 0.245558 0.000000 0.666622
2.020202 0.877138 0.000000 2.653244
3.030303 2.303723 0.000000 5.122634
4.040404 4.199258 0.104047 8.294468
5.050505 18.042734 6.705859 29.379610
6.060606 29.978784 6.331200 53.626368
7.070707 31.467433 7.415635 55.519232
8.080808 32.872141 8.529252 57.215031
9.090909 34.573946 10.339822 58.808070
10.101010 35.868046 12.384650 59.351441
11.111111 31.038035 11.786446 50.289625
12.121212 25.708373 20.003674 31.413072
13.131313 26.345556 21.585812 31.105300
14.141414 27.516991 23.608563 31.425419
15.151515 27.862545 24.201188 31.523903
16.161616 28.207493 24.586309 31.828677
17.171717 28.442496 24.725704 32.159288
18.181818 28.748887 24.770735 32.727039
19.191919 28.907757 24.741572 33.073942
20.202020 28.936244 24.733033 33.139455
21.212121 30.095768 25.489620 34.701917
22.222222 30.832201 26.758691 34.905711
23.232323 31.960790 26.684323 37.237257
24.242424 32.929906 27.282995 38.576817
25.252525 35.721135 29.240377 42.201894
26.262626 38.256903 29.060827 47.452979
27.272727 39.106529 29.121133 49.091924
28.282828 40.933094 28.566902 53.299286
29.292929 43.226371 28.117855 58.334887
30.303030 43.611699 28.234962 58.988436
31.313131 43.725524 28.253926 59.197121
32.323232 44.881574 28.647297 61.115851
33.333333 45.234812 28.633127 61.836496
34.343434 45.279588 28.628372 61.930804
35.353535 45.877827 28.505108 63.250546
36.363636 42.512833 27.503799 57.521866
37.373737 40.565928 24.135656 56.996200
38.383838 41.910246 24.544767 59.275725
39.393939 29.755205 27.939674 31.570737
40.404040 28.382350 26.772488 29.992211
41.414141 27.701245 26.385208 29.017282
42.424242 26.376014 25.087288 27.664741
43.434343 25.561918 24.601142 26.522693
44.444444 24.190622 21.531119 26.850125
45.454545 18.599457 16.447818 20.751096
46.464646 17.959429 15.658459 20.260399
47.474747 16.602537 16.023733 17.181341
48.484848 16.701566 16.441119 16.962013
49.494949 16.609845 16.595904 16.623786
50.505051 16.572479 16.479108 16.665849
51.515152 16.523733 16.400292 16.647174
52.525253 16.513537 16.375845 16.651228
53.535354 16.513106 16.374740 16.651473
54.545455 16.512830 16.374029 16.651631
55.555556 16.628167 16.287450 16.968883
56.565657 16.537472 16.372241 16.702703
57.575758 16.525888 16.373062 16.678713
58.585859 16.525862 16.372996 16.678728
59.595960 16.525870 16.373016 16.678723
60.606061 16.535671 16.370883 16.700459
61.616162 16.598371 16.284247 16.912495
62.626263 16.567271 16.360182 16.774360
63.636364 16.545229 16.349131 16.741326
64.646465 16.509311 16.371461 16.647162
65.656566 16.495355 16.362491 16.628220
66.666667 16.471343 16.319307 16.623380
67.676768 16.473680 16.315246 16.632113
68.686869 16.465567 16.311515 16.619619
69.696970 16.447112 16.301030 16.593195
70.707071 16.448540 16.302797 16.594282
71.717172 16.420941 16.329704 16.512178
72.727273 16.418148 16.325702 16.510595
73.737374 16.418724 16.326571 16.510876
74.747475 16.417764 16.325108 16.510419
75.757576 16.417004 16.323907 16.510101
76.767677 16.416928 16.323785 16.510072
77.777778 16.416839 16.323641 16.510037
78.787879 16.416651 16.323334 16.509967
79.797980 16.416547 16.323165 16.509929
80.808081 16.416570 16.323203 16.509937
81.818182 16.416524 16.323128 16.509921
82.828283 16.416496 16.323081 16.509910
83.838384 16.416487 16.323066 16.509907
84.848485 16.416490 16.323072 16.509908
85.858586 16.416484 16.323063 16.509906
86.868687 16.416480 16.323056 16.509905
87.878788 16.455297 16.262075 16.648519
88.888889 16.406719 16.338390 16.475047
89.898990 16.400933 16.347479 16.454386
90.909091 16.404357 16.342097 16.466616
91.919192 16.390633 16.363657 16.417610
92.929293 16.393348 16.359394 16.427302
93.939394 16.384575 16.373175 16.395976
94.949495 16.381806 16.377524 16.386088
95.959596 16.380147 16.380096 16.380199
96.969697 16.380143 16.380093 16.380192
97.979798 16.380142 16.380092 16.380192
98.989899 13.109969 4.702351 21.517587
100.000000 0.029273 0.029272 0.029273
