# fraction_pct mean ci_low ci_high
0.000000 0.003412 0.000451 0.006372
1.010101 4.279106 0.000000 11.013186
2.020202 4.420354 0.000000 11.383337
3.030303 7.036606 0.000000 14.427741
4.040404 11.677864 10.385288 12.970439
5.050505 12.434441 11.391136 13.477747
6.060606 11.213680 10.389994 12.037365
7.070707 11.330888 10.564135 12.097641
8.080808 11.356994 10.715809 11.998178
9.090909 11.054763 10.294354 11.815173
10.101010 10.883739 9.949827 11.817650
11.111111 10.962635 10.174274 11.750996
12.121212 11.046827 10.376658 11.716997
13.131313 10.892617 10.581255 11.203980
14.141414 10.882861 10.578183 11.187540
15.151515 10.922888 10.651505 11.194270
16.161616 11.154543 10.539195 11.769891
17.171717 11.255486 10.399050 12.111922
18.181818 11.094099 10.613822 11.574377
19.191919 10.803090 10.362383 11.243797
20.202020 11.098197 10.609144 11.587249
21.212121 10.737547 10.099535 11.375560
22.222222 10.595697 9.918583 11.272811
23.232323 10.540632 9.606136 11.475127
24.242424 9.927806 9.354294 10.501318
25.252525 10.058045 9.533037 10.583052
26.262626 10.157086 9.780308 10.533864
27.272727 10.153814 9.840611 10.467018
28.282828 10.234762 9.869328 10.600196
29.292929 10.270144 9.926914 10.613373
30.303030 10.236966 9.922499 10.551434
31.313131 10.228424 9.916691 10.540158
32.323232 10.333425 9.939626 10.727224
33.333333 10.326010 9.939320 10.712701
34.343434 10.316367 9.937683 10.695050
35.353535 10.336828 9.939503 10.734154
36.363636 10.333491 9.939625 10.727357
37.373737 10.324366 9.939507 10.709225
38.383838 10.277290 9.915385 10.639195
39.393939 9.665649 8.369042 10.962256
40.404040 9.001503 7.406692 10.596313
41.414141 8.765926 7.426950 10.104901
42.424242 8.754085 7.428714 10.079456
43.434343 7.918347 4.941044 10.895650
44.444444 7.290245 3.678105 10.902384
45.454545 7.614577 4.437584 10.791571
46.464646 8.694321 7.329411 10.059231
47.474747 8.711276 7.347625 10.074927
48.484848 8.762726 7.472900 10.052552
49.494949 9.236032 7.738168 10.733895
50.505051 9.423728 8.123259 10.724196
51.515152 9.496910 8.264111 10.729708
52.525253 9.641634 8.210402 11.072865
53.535354 10.102404 8.253762 11.951045
54.545455 10.127421 8.253100 12.001742
55.555556 10.143330 8.251698 12.034961
56.565657 10.159886 8.251763 12.068009
57.575758 10.224901 8.250267 12.199535
58.585859 10.227141 8.250479 12.203804
59.595960 10.229600 8.250337 12.208863
60.606061 10.232267 8.250375 12.214160
61.616162 10.234653 8.250584 12.218721
62.626263 10.234579 8.250740 12.218418
63.636364 10.236738 8.250726 12.222750
64.646465 10.238286 8.250843 12.225729
65.656566 10.238612 8.251233 12.225990
66.666667 10.237918 8.251377 12.224459
67.676768 10.244515 8.251041 12.237988
68.686869 10.244696 8.251093 12.238298
69.696970 10.247776 8.250862 12.244690
70.707071 10.248080 8.250879 12.245281
71.717172 10.249503 8.250653 12.248353
72.727273 10.249544 8.250650 12.248438
73.737374 10.249703 8.250638 12.248767
74.747475 10.249836 8.250627 12.249044
75.757576 10.249857 8.250626 12.249089
76.767677 10.249690 8.250639 12.248740
77.777778 10.249732 8.250635 12.248829
78.787879 10.249824 8.250628 12.249020
79.797980 10.249877 8.250624 12.249129
80.808081 10.249885 8.250624 12.249147
81.818182 10.249897 8.250623 12.249171
82.828283 10.249911 8.250622 12.249201
83.838384 10.249920 8.250621 12.249219
84.848485 10.249924 8.250621 12.249227
85.858586 10.249929 8.250620 12.249238
86.868687 10.257964 8.249136 12.266791
87.878788 10.258584 8.249016 12.268153
88.888889 10.258578 8.249019 12.268138
89.898990 10.261271 8.248481 12.274062
90.909091 10.261436 8.248448 12.274424
91.919192 10.261826 8.248368 12.275284
92.929293 10.262097 8.248313 12.275882
93.939394 10.261750 8.248385 12.275115
94.949495 10.261824 8.248374 12.275274
95.959596 10.262411 8.248253 12.276569
96.969697 10.262528 8.248373 12.276683
97.979798 10.262548 8.248403 12.276693
98.989899 8.561390 2.811346 14.311434
100.000000 0.000000 0.000000 0.000000
