# time_s density
450.343378 3.03135972e-06
450.821651 3.63353134e-06
451.299924 4.34681001e-06
451.778198 5.18994916e-06
452.256471 6.18452911e-06
452.734745 7.35532157e-06
453.213018 8.7306906e-06
453.691292 1.03430319e-05
454.169565 1.22292522e-05
454.647839 1.44312901e-05
455.126112 1.69966801e-05
455.604385 1.99791591e-05
456.082659 2.34393176e-05
456.560932 2.74452938e-05
457.039206 3.20735098e-05
457.517479 3.74094491e-05
457.995753 4.35484714e-05
458.474026 5.05966624e-05
458.9523 5.8671713e-05
459.430573 6.79038227e-05
459.908847 7.84366196e-05
460.38712 9.04280898e-05
460.865393 0.000104051505
461.343667 0.000119496338
461.82194 0.000136969153
462.300214 0.00015669446
462.778487 0.000178915508
463.256761 0.000203895018
463.735034 0.00023191581
464.213308 0.000263281343
464.691581 0.000298316102
465.169854 0.000337365854
465.648128 0.000380797721
466.126401 0.000429000059
466.604675 0.000482382124
467.082948 0.000541373495
467.561222 0.000606423238
468.039495 0.00067799879
468.517769 0.000756584544
468.996042 0.000842680121
469.474315 0.000936798305
469.952589 0.00103946265
470.430862 0.00115120473
470.909136 0.00127256104
471.387409 0.00140406957
471.865683 0.00154626598
472.343956 0.00169967955
472.82223 0.00186482866
473.300503 0.00204221616
473.778776 0.00223232433
474.25705 0.00243560973
474.735323 0.00265249777
475.213597 0.0028833772
475.69187 0.00312859454
476.170144 0.00338844844
476.648417 0.00366318409
477.126691 0.00395298777
477.604964 0.00425798153
478.083237 0.0045782182
478.561511 0.00491367661
479.039784 0.00526425737
479.518058 0.00562977896
479.996331 0.00600997449
480.474605 0.00640448906
480.952878 0.00681287773
481.431152 0.00723460434
481.909425 0.00766904102
482.387699 0.00811546861
482.865972 0.00857307791
483.344245 0.00904097182
483.822519 0.00951816842
484.300792 0.0100036049
484.779066 0.0104961424
485.257339 0.0109945718
485.735613 0.01149762
486.213886 0.0120039577
486.69216 0.0125122068
487.170433 0.0130209497
487.648706 0.0135287378
488.12698 0.0140341018
488.605253 0.0145355615
489.083527 0.0150316358
489.5618 0.0155208533
490.040074 0.0160017629
490.518347 0.0164729435
490.996621 0.0169330147
491.474894 0.017380646
491.953167 0.0178145663
492.431441 0.0182335725
492.909714 0.0186365375
493.387988 0.0190224175
493.866261 0.0193902583
494.344535 0.0197392008
494.822808 0.0200684858
495.301082 0.0203774573
495.779355 0.020665565
496.257628 0.0209323663
496.735902 0.021177526
497.214175 0.0214008166
497.692449 0.0216021161
498.170722 0.0217814061
498.648996 0.0219387683
499.127269 0.0220743805
499.605543 0.0221885116
500.083816 0.0222815164
500.562089 0.0223538293
501.040363 0.0224059583
501.518636 0.0224384778
501.99691 0.0224520215
502.475183 0.0224472755
502.953457 0.0224249708
503.43173 0.0223858757
503.910004 0.0223307892
504.388277 0.0222605335
504.86655 0.0221759474
505.344824 0.0220778795
505.823097 0.0219671827
506.301371 0.0218447076
506.779644 0.0217112977
507.257918 0.0215677843
507.736191 0.021414982
508.214465 0.0212536845
508.692738 0.0210846613
509.171012 0.0209086544
509.649285 0.0207263751
510.127558 0.0205385025
510.605832 0.0203456804
511.084105 0.0201485167
511.562379 0.0199475811
512.040652 0.0197434044
512.518926 0.0195364775
512.997199 0.0193272511
513.475473 0.0191161346
513.953746 0.0189034964
514.432019 0.0186896634
514.910293 0.0184749214
515.388566 0.018259515
515.86684 0.0180436481
516.345113 0.0178274844
516.823387 0.0176111477
517.30166 0.0173947234
517.779934 0.0171782589
518.258207 0.0169617651
518.73648 0.0167452176
519.214754 0.0165285585
519.693027 0.0163116983
520.171301 0.0160945177
520.649574 0.0158768705
521.127848 0.0156585857
521.606121 0.0154394706
522.084395 0.0152193142
522.562668 0.0149978903
523.040941 0.0147749613
523.519215 0.0145502817
523.997488 0.0143236026
524.475762 0.0140946756
524.954035 0.013863257
525.432309 0.0136291121
525.910582 0.0133920195
526.388856 0.0131517754
526.867129 0.0129081976
527.345402 0.0126611293
527.823676 0.0124104432
528.301949 0.0121560444
528.780223 0.011897874
529.258496 0.0116359112
529.73677 0.0113701758
530.215043 0.0111007302
530.693317 0.0108276798
531.17159 0.0105511748
531.649864 0.0102714093
532.128137 0.00998862155
532.60641 0.00970309239
533.084684 0.00941514415
533.562957 0.00912513826
534.041231 0.00883347269
534.519504 0.00854057889
534.997778 0.00824691824
535.476051 0.00795297812
535.954325 0.00765926774
536.432598 0.00736631361
536.910871 0.00707465483
537.389145 0.00678483831
537.867418 0.00649741388
538.345692 0.00621292939
538.823965 0.00593192587
539.302239 0.00565493293
539.780512 0.00538246418
540.258786 0.00511501307
540.737059 0.00485304892
541.215332 0.00459701331
541.693606 0.0043473169
542.171879 0.00410433665
542.650153 0.00386841337
543.128426 0.00363984991
543.6067 0.00341890964
544.084973 0.00320581548
544.563247 0.00300074936
545.04152 0.00280385211
545.519793 0.00261522379
545.998067 0.00243492443
546.47634 0.0022629751
546.954614 0.00209935936
547.432887 0.00194402499
547.911161 0.00179688601
548.389434 0.00165782486
548.867708 0.00152669488
549.345981 0.00140332283
549.824254 0.00128751155
550.302528 0.0011790427
550.780801 0.00107767953
551.259075 0.000983169616
551.737348 0.000895247594
552.215622 0.000813637794
552.693895 0.000738056808
553.172169 0.000668215925
553.650442 0.000603823441
554.128716 0.000544586811
554.606989 0.000490214644
555.085262 0.000440418519
555.563536 0.000394914626
556.041809 0.000353425228
556.520083 0.000315679935
556.998356 0.000281416802
557.47663 0.000250383253
557.954903 0.000222336833
558.433177 0.000197045803
558.91145 0.000174289578
559.389723 0.000153859031
559.867997 0.000135556662
560.34627 0.00011919665
560.824544 0.000104604799
561.302817 9.16183933e-05
561.781091 8.00859635e-05
562.259364 6.98669893e-05
562.737638 6.08315395e-05
563.215911 5.28598647e-05
563.694184 4.5841951e-05
564.172458 3.96770456e-05
564.650731 3.42731615e-05
565.129005 2.95465697e-05
565.607278 2.54212855e-05
566.085552 2.18285558e-05
566.563825 1.87063516e-05
567.042099 1.59988712e-05
567.520372 1.36560577e-05
567.998645 1.16331334e-05
568.476919 9.89015454e-06
568.955192 8.39158712e-06
569.433466 7.10590627e-06
569.911739 6.00521933e-06
570.390013 5.06491333e-06
570.868286 4.26332693e-06
571.34656 3.58144657e-06
571.824833 3.00262636e-06
572.303106 2.51233102e-06
