# fraction_pct mean ci_low ci_high
0.000000 0.000000 0.000000 0.000000
1.010101 0.050107 0.000000 0.178931
2.020202 0.100991 0.000000 0.260000
3.030303 0.218463 0.073158 0.363769
4.040404 0.326907 0.268269 0.385545
5.050505 0.361071 0.320892 0.401250
6.060606 0.349778 0.298100 0.401455
7.070707 0.316483 0.312877 0.320090
8.080808 0.378831 0.212650 0.545012
9.090909 0.567758 0.378788 0.756729
10.101010 0.635715 0.465133 0.806298
11.111111 0.458273 0.348844 0.567703
12.121212 0.549097 0.437641 0.660552
13.131313 0.588649 0.580508 0.596790
14.141414 0.577902 0.573377 0.582427
15.151515 0.576142 0.576141 0.576142
16.161616 0.576142 0.576141 0.576142
17.171717 0.576142 0.576141 0.576142
18.181818 0.576142 0.576141 0.576142
19.191919 0.576142 0.576141 0.576142
20.202020 0.576142 0.576141 0.576142
21.212121 0.576142 0.576141 0.576142
22.222222 0.968481 0.556679 1.380284
23.232323 1.230068 1.229969 1.230168
24.242424 1.230068 1.229969 1.230168
25.252525 1.230068 1.229969 1.230168
26.262626 1.284419 1.144770 1.424069
27.272727 1.378947 1.378946 1.378947
28.282828 1.378947 1.378946 1.378947
29.292929 1.378947 1.378946 1.378947
30.303030 1.378947 1.378946 1.378947
31.313131 1.378947 1.378946 1.378947
32.323232 1.378947 1.378946 1.378947
33.333333 1.378947 1.378946 1.378947
34.343434 1.378947 1.378946 1.378947
35.353535 1.574495 1.071742 2.077248
36.363636 1.762193 1.158596 2.365790
37.373737 1.990323 1.345976 2.634670
38.383838 2.188367 1.663659 2.713075
39.393939 2.188367 1.663659 2.713075
40.404040 2.188367 1.663659 2.713075
41.414141 2.201985 1.711971 2.691999
42.424242 2.383903 2.313471 2.454335
43.434343 2.383903 2.313471 2.454335
44.444444 2.383903 2.313471 2.454335
45.454545 2.383903 2.313471 2.454335
46.464646 2.369546 2.336025 2.403067
47.474747 2.356508 2.356334 2.356682
48.484848 2.373694 2.329508 2.417880
49.494949 3.517832 2.617986 4.417678
50.505051 2.464238 2.464237 2.464238
51.515152 2.464238 2.464237 2.464238
52.525253 2.464238 2.464237 2.464238
53.535354 2.464238 2.464237 2.464238
54.545455 2.464238 2.464237 2.464238
55.555556 2.464238 2.464237 2.464238
56.565657 2.464238 2.464237 2.464238
57.575758 2.464238 2.464237 2.464238
58.585859 2.464238 2.464237 2.464238
59.595960 2.464238 2.464237 2.464238
60.606061 2.464238 2.464237 2.464238
61.616162 2.464238 2.464237 2.464238
62.626263 2.464238 2.464237 2.464238
63.636364 2.464238 2.464237 2.464238
64.646465 2.464238 2.464237 2.464238
65.656566 2.464238 2.464237 2.464238
66.666667 2.464238 2.464237 2.464238
67.676768 2.464238 2.464237 2.464238
68.686869 2.660105 2.156531 3.163679
69.696970 3.264795 2.720614 3.808975
70.707071 3.677979 3.606099 3.749858
71.717172 4.091614 3.292540 4.890688
72.727273 5.144742 4.282496 6.006988
73.737374 5.966267 5.782138 6.150396
74.747475 5.786584 5.121075 6.452093
75.757576 5.786584 5.121075 6.452093
76.767677 5.786584 5.121075 6.452093
77.777778 5.465777 4.656947 6.274608
78.787879 5.264960 4.421985 6.107935
79.797980 5.063651 4.514663 5.612640
80.808081 5.233587 4.313370 6.153804
81.818182 5.386499 4.282201 6.490796
82.828283 5.299508 4.234400 6.364616
83.838384 5.871564 5.514194 6.228934
84.848485 5.568985 3.921137 7.216832
85.858586 4.711011 3.436940 5.985081
86.868687 4.103299 3.474505 4.732092
87.878788 4.103299 3.474505 4.732092
88.888889 4.103299 3.474505 4.732092
89.898990 4.103299 3.474505 4.732092
90.909091 4.103299 3.474505 4.732092
91.919192 4.103299 3.474505 4.732092
92.929293 4.103299 3.474505 4.732092
93.939394 4.767630 3.528016 6.007244
94.949495 2.861832 1.850804 3.872861
95.959596 1.288859 1.288857 1.288861
96.969697 1.288859 1.288857 1.288861
97.979798 1.288859 1.288857 1.288861
98.989899 1.298601 1.298599 1.298604
100.000000 1.298601 1.298599 1.298604
