# fraction_pct mean ci_low ci_high
0.000000 0.001933 0.001181 0.002685
1.010101 0.234161 0.000000 0.830970
2.020202 0.489531 0.000000 1.259236
3.030303 1.028937 0.355308 1.702565
4.040404 1.456967 1.281232 1.632702
5.050505 1.608359 1.535125 1.681592
6.060606 1.688948 1.578145 1.799752
7.070707 1.802692 1.670456 1.934928
8.080808 2.025305 1.739877 2.310733
9.090909 2.358192 2.080867 2.635517
10.101010 2.500656 2.435119 2.566193
11.111111 2.606491 2.416936 2.796045
12.121212 2.736966 2.523269 2.950663
13.131313 3.079198 2.641931 3.516464
14.141414 3.661905 3.392102 3.931707
15.151515 3.786692 3.687311 3.886072
16.161616 3.866796 3.799247 3.934345
17.171717 3.978415 3.916771 4.040058
18.181818 5.521989 4.392581 6.651397
19.191919 6.229563 6.132544 6.326582
20.202020 6.230936 6.132613 6.329259
21.212121 6.256803 6.168396 6.345210
22.222222 6.563900 6.283805 6.843994
23.232323 7.005898 6.933207 7.078589
24.242424 7.069034 6.980345 7.157722
25.252525 7.204964 7.119273 7.290656
26.262626 8.535694 7.341021 9.730367
27.272727 10.442122 10.326994 10.557251
28.282828 10.836195 10.622728 11.049663
29.292929 10.858097 10.635154 11.081040
30.303030 10.858284 10.635609 11.080959
31.313131 10.858898 10.636456 11.081341
32.323232 10.955368 10.752638 11.158097
33.333333 11.546855 10.946651 12.147058
34.343434 12.082789 11.342174 12.823403
35.353535 12.624384 12.063045 13.185722
36.363636 12.719468 12.230294 13.208642
37.373737 12.952440 12.560052 13.344827
38.383838 13.294279 13.017473 13.571085
39.393939 13.313184 13.007544 13.618824
40.404040 13.371729 13.043310 13.700148
41.414141 13.382362 13.046715 13.718008
42.424242 13.593901 13.034127 14.153674
43.434343 13.720847 13.121336 14.320359
44.444444 13.819133 13.361232 14.277034
45.454545 13.896848 13.328059 14.465637
46.464646 14.318538 13.799655 14.837422
47.474747 14.627603 13.951877 15.303328
48.484848 16.905086 15.038355 18.771817
49.494949 18.893050 18.418114 19.367986
50.505051 19.332761 18.651465 20.014057
51.515152 19.767952 19.458827 20.077077
52.525253 20.903158 20.493569 21.312746
53.535354 21.157282 20.893273 21.421291
54.545455 21.160012 20.900306 21.419718
55.555556 21.165929 20.905860 21.425998
56.565657 21.166253 20.906481 21.426024
57.575758 21.168461 20.911412 21.425511
58.585859 21.160351 20.913561 21.407140
59.595960 21.160826 20.914627 21.407026
60.606061 21.260908 21.069934 21.451882
61.616162 21.412122 21.200354 21.623889
62.626263 21.424409 21.212298 21.636519
63.636364 21.534819 21.460757 21.608880
64.646465 21.536362 21.464477 21.608246
65.656566 21.539275 21.470746 21.607803
66.666667 21.539400 21.459421 21.619378
67.676768 21.528845 21.438385 21.619305
68.686869 21.317507 20.866174 21.768839
69.696970 20.641643 19.934256 21.349030
70.707071 20.476085 20.216557 20.735613
71.717172 20.111810 19.529969 20.693651
72.727273 19.010066 18.237946 19.782187
73.737374 18.296434 17.889423 18.703445
74.747475 18.643755 18.221091 19.066418
75.757576 18.816724 18.472250 19.161198
76.767677 18.823718 18.489096 19.158339
77.777778 18.936959 18.678620 19.195299
78.787879 19.053561 18.745253 19.361869
79.797980 19.227897 19.017726 19.438068
80.808081 19.181572 18.944662 19.418482
81.818182 19.124267 18.811152 19.437383
82.828283 19.030098 18.596160 19.464036
83.838384 19.201607 18.445036 19.958177
84.848485 18.977723 18.348293 19.607154
85.858586 19.424619 18.406323 20.442915
86.868687 20.438816 18.864020 22.013612
87.878788 20.440422 18.866513 22.014330
88.888889 20.442078 18.869074 22.015081
89.898990 20.443077 18.870614 22.015540
90.909091 20.444220 18.872371 22.016070
91.919192 20.445476 18.874295 22.016658
92.929293 20.446595 18.876003 22.017187
93.939394 20.156007 18.950642 21.361371
94.949495 20.375934 19.926503 20.825364
95.959596 19.875893 19.478906 20.272880
96.969697 19.892855 19.512572 20.273137
97.979798 19.895617 19.516982 20.274252
98.989899 0.000000 0.000000 0.000000
100.000000 0.000000 0.000000 0.000000
