# time_s density
69.1581491 0.000129409197
69.175152 0.00017918514
69.1921548 0.000246435945
69.2091577 0.000336644352
69.2261605 0.000456776581
69.2431633 0.000615604164
69.2601662 0.000824070742
69.277169 0.00109570255
69.2941719 0.00144705851
69.3111747 0.00189821218
69.3281775 0.00247325377
69.3451804 0.00320079512
69.3621832 0.00411445544
69.3791861 0.00525329951
69.3961889 0.00666219441
69.4131917 0.00839204524
69.4301946 0.0104998658
69.4471974 0.0130486373
69.4642003 0.0161069055
69.4812031 0.0197480718
69.4982059 0.0240493325
69.5152088 0.0290902356
69.5322116 0.0349508314
69.5492145 0.0417094118
69.5662173 0.0494398543
69.5832201 0.0582086081
69.600223 0.0680713882
69.6172258 0.0790696695
69.6342287 0.0912271002
69.6512315 0.104545981
69.6682343 0.119003975
69.6852372 0.134551229
69.70224 0.1511081
69.7192429 0.168563663
69.7362457 0.186775188
69.7532485 0.205568717
69.7702514 0.224740868
69.7872542 0.244061928
69.8042571 0.263280237
69.8212599 0.282127827
69.8382627 0.300327188
69.8552656 0.317598991
69.8722684 0.333670531
69.8892713 0.348284586
69.9062741 0.361208391
69.9232769 0.372242349
69.9402798 0.38122814
69.9572826 0.388055863
69.9742855 0.392669906
69.9912883 0.395073265
70.0082911 0.395330082
70.025294 0.393566285
70.0422968 0.389968236
70.0592997 0.384779412
70.0763025 0.378295209
70.0933053 0.370856025
70.1103082 0.362838862
70.127311 0.35464771
70.1443139 0.346703041
70.1613167 0.339430748
70.1783195 0.333250872
70.1953224 0.328566479
70.2123252 0.325752983
70.2293281 0.325148251
70.2463309 0.327043723
70.2633337 0.331676798
70.2803366 0.339224649
70.2973394 0.349799626
70.3143423 0.363446316
70.3313451 0.380140324
70.3483479 0.399788772
70.3653508 0.422232479
70.3823536 0.447249735
70.3993565 0.474561551
70.4163593 0.503838235
70.4333621 0.534707079
70.450365 0.566760957
70.4673678 0.599567567
70.4843707 0.632679046
70.5013735 0.665641695
70.5183763 0.698005499
70.5353792 0.729333195
70.552382 0.759208618
70.5693849 0.787244088
70.5863877 0.813086685
70.6033905 0.836423236
70.6203934 0.856983967
70.6373962 0.874544776
70.6543991 0.888928192
70.6714019 0.900003086
70.6884047 0.907683308
70.7054076 0.91192542
70.7224104 0.912725743
70.7394133 0.910116944
70.7564161 0.904164388
70.7734189 0.89496246
70.7904218 0.882631037
70.8074246 0.86731225
70.8244275 0.849167627
70.8414303 0.828375653
70.8584331 0.80512975
70.875436 0.779636616
70.8924388 0.752114835
70.9094417 0.722793655
70.9264445 0.691911786
70.9434473 0.659716108
70.9604502 0.626460173
70.977453 0.592402401
70.9944559 0.557803919
71.0114587 0.522926033
71.0284615 0.48802733
71.0454644 0.453360503
71.0624672 0.419168963
71.0794701 0.385683387
71.0964729 0.353118323
71.1134757 0.321669005
71.1304786 0.291508527
71.1474814 0.262785497
71.1644843 0.235622274
71.1814871 0.21011388
71.1984899 0.186327603
71.2154928 0.16430333
71.2324956 0.144054546
71.2494985 0.125569971
71.2665013 0.108815729
71.2835041 0.0937379465
71.300507 0.0802656696
71.3175098 0.0683139641
71.3345126 0.0577870863
71.3515155 0.048581605
71.3685183 0.0405893754
71.3855212 0.0337002824
71.402524 0.0278046872
71.4195268 0.0227955337
71.4365297 0.0185700907
71.4535325 0.015031323
71.4705354 0.012088902
71.4875382 0.00965987731
71.504541 0.00766904392
71.5215439 0.00604904343
71.5385467 0.00474024308
71.5555496 0.00369043711
71.5725524 0.00285441376
71.5895552 0.00219342831
71.6065581 0.00167461844
71.6235609 0.00127039311
71.6405638 0.00095782103
71.6575666 0.00071803935
71.6745694 0.000535698303
71.6915723 0.000398453093
71.7085751 0.000296510457
71.725578 0.000222234277
71.7425808 0.000169812256
71.7595836 0.000134983979
71.7765865 0.000114829667
71.7935893 0.000107618409
71.8105922 0.000112714552
71.827595 0.000130541173
71.8445978 0.000162599904
71.8616007 0.000211546848
71.8786035 0.000281324629
71.8956064 0.000377350764
71.9126092 0.000506762309
71.929612 0.000678716031
71.9466149 0.000904742071
71.9636177 0.00119914711
71.9806206 0.00157946035
71.9976234 0.00206691203
72.0146262 0.00268693023
72.0316291 0.00346963636
72.0486319 0.00445031469
72.0656348 0.00566982534
72.0826376 0.00717492459
72.0996404 0.00901845111
72.1166433 0.0112593326
72.1336461 0.0139623649
72.150649 0.0171977148
72.1676518 0.0210401008
72.1846546 0.025567611
72.2016575 0.0308601275
72.2186603 0.03699734
72.2356632 0.0440563483
72.252666 0.0521088757
72.2696688 0.0612181378
72.2866717 0.0714354414
72.3036745 0.0827966101
72.3206774 0.0953183652
72.3376802 0.10899481
72.354683 0.123794189
72.3716859 0.139656098
72.3886887 0.156489338
72.4056916 0.174170584
72.4226944 0.192544035
72.4396972 0.211422174
72.4567001 0.230587735
72.4737029 0.24979692
72.4907058 0.268783843
72.5077086 0.287266144
72.5247114 0.304951614
72.5417143 0.321545645
72.5587171 0.33675925
72.57572 0.350317344
72.5927228 0.361966977
72.6097256 0.371485159
72.6267285 0.378685948
72.6437313 0.383426492
72.6607342 0.385611741
72.677737 0.385197611
72.6947398 0.382192471
72.7117427 0.376656854
72.7287455 0.368701435
72.7457484 0.358483347
72.7627512 0.346201024
72.779754 0.332087796
72.7967569 0.316404528
72.8137597 0.299431625
72.8307626 0.281460757
72.8477654 0.262786614
72.8647682 0.243699048
72.8817711 0.224475854
72.8987739 0.205376447
72.9157768 0.186636613
72.9327796 0.168464447
72.9497824 0.151037531
72.9667853 0.134501369
72.9837881 0.118968979
73.000791 0.10452158
73.0177938 0.0912101999
73.0347966 0.0790580418
73.0517995 0.0680634413
73.0688023 0.0582032128
73.0858052 0.0494362158
73.102808 0.0417069743
73.1198108 0.0349492094
73.1368137 0.0290891634
73.1538165 0.0240486284
73.1708194 0.0197476126
73.1878222 0.016106608
73.204825 0.0130484458
73.2218279 0.0104997435
73.2388307 0.00839196753
73.2558336 0.0066621454
73.2728364 0.0052532688
73.2898392 0.00411443633
73.3068421 0.00320078331
73.3238449 0.00247324651
73.3408478 0.00189820776
73.3578506 0.00144705583
73.3748534 0.00109570094
73.3918563 0.000824069778
73.4088591 0.000615603592
73.425862 0.000456776243
73.4428648 0.000336644154
73.4598676 0.00024643583
73.4768705 0.000179185074
73.4938733 0.000129409159
