# fraction_pct mean ci_low ci_high
0.000000 0.000000 0.000000 0.000001
1.010101 0.000000 0.000000 0.000001
2.020202 0.000000 0.000000 0.000001
3.030303 0.000000 0.000000 0.000001
4.040404 0.000000 0.000000 0.000001
5.050505 0.000000 0.000000 0.000001
6.060606 0.000000 0.000000 0.000001
7.070707 0.297692 0.000000 1.063057
8.080808 1.085320 0.000000 3.180564
9.090909 3.151292 1.488774 4.813810
10.101010 4.939128 4.103401 5.774854
11.111111 5.668483 5.002129 6.334837
12.121212 6.087502 5.453471 6.721533
13.131313 6.280131 5.765079 6.795183
14.141414 6.375501 6.004559 6.746442
15.151515 6.459764 6.174546 6.744982
16.161616 6.585725 6.277303 6.894147
17.171717 6.654254 6.246474 7.062034
18.181818 6.792598 6.452108 7.133088
19.191919 6.959366 6.754032 7.164701
20.202020 7.164223 7.030072 7.298374
21.212121 7.448721 7.199999 7.697442
22.222222 7.904061 7.576599 8.231524
23.232323 8.363245 8.082305 8.644185
24.242424 8.715856 8.480820 8.950893
25.252525 9.048581 8.846260 9.250902
26.262626 9.268589 9.049826 9.487352
27.272727 9.469749 9.249612 9.689886
28.282828 9.661783 9.427304 9.896261
29.292929 9.845595 9.610128 10.081063
30.303030 9.960279 9.812754 10.107805
31.313131 10.618032 9.728686 11.507379
32.323232 11.239771 9.469912 13.009629
33.333333 11.397538 9.475592 13.319485
34.343434 11.538330 9.474734 13.601926
35.353535 11.702540 9.462773 13.942307
36.363636 11.844651 9.474117 14.215184
37.373737 11.973440 9.488056 14.458824
38.383838 12.072225 9.675484 14.468966
39.393939 12.200018 9.928428 14.471609
40.404040 12.335897 10.197867 14.473926
41.414141 12.460007 10.443422 14.476591
42.424242 12.584568 10.680558 14.488579
43.434343 12.711115 10.917333 14.504897
44.444444 12.836700 11.151125 14.522274
45.454545 12.977862 11.428434 14.527291
46.464646 13.302334 11.942243 14.662425
47.474747 13.712706 12.307097 15.118315
48.484848 13.973842 12.896177 15.051508
49.494949 14.420493 13.365691 15.475295
50.505051 14.822537 14.070837 15.574238
51.515152 15.213738 14.461565 15.965911
52.525253 15.646550 14.892221 16.400879
53.535354 15.940098 15.251645 16.628552
54.545455 16.338704 15.755490 16.921918
55.555556 16.614270 16.118339 17.110202
56.565657 17.017645 16.797770 17.237520
57.575758 17.442737 17.250796 17.634678
58.585859 17.641861 17.320824 17.962898
59.595960 17.677883 17.227891 18.127876
60.606061 17.852593 17.427073 18.278113
61.616162 18.035771 17.533109 18.538432
62.626263 18.219615 17.854346 18.584883
63.636364 18.411315 18.141394 18.681236
64.646465 18.541902 18.209428 18.874375
65.656566 18.654873 18.166159 19.143586
66.666667 18.655418 17.978557 19.332278
67.676768 18.691411 17.715836 19.666987
68.686869 18.677464 17.393011 19.961918
69.696970 18.807108 17.672902 19.941313
70.707071 18.776507 17.649348 19.903667
71.717172 17.724072 15.249410 20.198734
72.727273 15.717878 10.451092 20.984664
73.737374 15.586537 9.976877 21.196197
74.747475 15.354819 9.315272 21.394367
75.757576 15.061331 8.914937 21.207724
76.767677 14.935266 8.931403 20.939130
77.777778 14.762439 8.930316 20.594561
78.787879 14.412878 8.085443 20.740314
79.797980 14.128671 8.021463 20.235878
80.808081 13.654032 7.729049 19.579016
81.818182 13.241778 7.273709 19.209847
82.828283 13.254103 7.290048 19.218158
83.838384 13.293008 7.340536 19.245479
84.848485 13.179142 7.188123 19.170162
85.858586 12.966139 6.865828 19.066450
86.868687 12.604707 6.214990 18.994424
87.878788 12.422427 5.841653 19.003201
88.888889 11.673941 6.345871 17.002010
89.898990 10.336773 6.691951 13.981594
90.909091 8.297052 8.107329 8.486776
91.919192 8.409299 8.243533 8.575065
92.929293 8.511906 8.505040 8.518772
93.939394 8.514577 8.514575 8.514578
94.949495 8.514577 8.514575 8.514578
95.959596 8.514577 8.514575 8.514578
96.969697 8.506935 8.506934 8.506937
97.979798 6.355282 2.257606 10.452958
98.989899 5.582088 1.677700 9.486475
100.000000 1.534731 0.000000 5.007848
