# fraction_pct mean ci_low ci_high
0.000000 0.284468 0.000000 1.012365
1.010101 3.413341 1.910556 4.916126
2.020202 6.206173 4.874572 7.537774
3.030303 8.368445 7.955645 8.781245
4.040404 9.172669 8.973981 9.371356
5.050505 9.683769 9.370347 9.997190
6.060606 10.400338 9.800784 10.999893
7.070707 11.267992 10.521772 12.014211
8.080808 11.927796 11.540213 12.315378
9.090909 12.271119 12.161951 12.380288
10.101010 12.281189 12.157439 12.404940
11.111111 12.389562 12.082988 12.696135
12.121212 12.573186 11.976963 13.169409
13.131313 12.586857 11.997969 13.175745
14.141414 12.668245 12.118775 13.217716
15.151515 12.675928 12.133435 13.218421
16.161616 12.721606 12.211535 13.231676
17.171717 12.723858 12.215811 13.231906
18.181818 12.790772 12.216934 13.364610
19.191919 12.870185 12.275169 13.465201
20.202020 13.164867 12.624844 13.704889
21.212121 13.459216 13.127748 13.790684
22.222222 13.742135 13.279328 14.204942
23.232323 13.886174 13.533732 14.238616
24.242424 13.943283 13.595649 14.290917
25.252525 13.975572 13.563549 14.387595
26.262626 14.000184 13.529343 14.471024
27.272727 14.016188 13.506561 14.525814
28.282828 14.025565 13.493055 14.558075
29.292929 14.025490 13.493173 14.557808
30.303030 14.025505 13.493232 14.557778
31.313131 14.023549 13.492447 14.554651
32.323232 14.019909 13.492147 14.547671
33.333333 14.008104 13.483372 14.532837
34.343434 14.003285 13.461237 14.545332
35.353535 14.000368 13.454342 14.546395
36.363636 13.993037 13.464967 14.521108
37.373737 13.979391 13.484116 14.474665
38.383838 13.978963 13.483348 14.474578
39.393939 13.978568 13.482637 14.474499
40.404040 13.977970 13.481559 14.474382
41.414141 13.977612 13.480938 14.474286
42.424242 13.976885 13.479632 14.474139
43.434343 13.975283 13.476733 14.473832
44.444444 13.975597 13.477316 14.473878
45.454545 13.975705 13.477549 14.473861
46.464646 13.968996 13.468229 14.469763
47.474747 13.918009 13.462243 14.373775
48.484848 13.899233 13.425251 14.373215
49.494949 13.784384 13.392066 14.176702
50.505051 13.673896 13.216647 14.131145
51.515152 13.491509 13.166323 13.816695
52.525253 13.278696 13.003022 13.554370
53.535354 13.072286 12.662204 13.482367
54.545455 12.848053 12.490149 13.205957
55.555556 12.679951 12.181533 13.178368
56.565657 12.423620 11.808396 13.038844
57.575758 12.287878 11.655184 12.920573
58.585859 12.087831 11.592278 12.583384
59.595960 11.698060 10.887504 12.508616
60.606061 11.465010 10.563874 12.366146
61.616162 11.159486 10.531135 11.787836
62.626263 10.658857 10.475081 10.842633
63.636364 9.591405 9.135264 10.047547
64.646465 8.169983 7.831048 8.508919
65.656566 6.713609 6.544581 6.882637
66.666667 5.475803 5.016795 5.934810
67.676768 4.850637 4.241103 5.460172
68.686869 4.610928 4.021598 5.200259
69.696970 4.499150 3.878366 5.119934
70.707071 4.475491 3.844302 5.106680
71.717172 4.518664 3.942229 5.095098
72.727273 4.528136 3.963499 5.092772
73.737374 4.525188 3.959110 5.091265
74.747475 4.527486 3.963067 5.091905
75.757576 4.530273 3.967403 5.093143
76.767677 4.534734 3.974117 5.095351
77.777778 4.536380 3.976537 5.096223
78.787879 4.538278 3.979313 5.097242
79.797980 4.539783 3.981466 5.098099
80.808081 4.541111 3.983346 5.098876
81.818182 4.541958 3.984533 5.099382
82.828283 4.542765 3.985657 5.099873
83.838384 4.543005 3.985989 5.100020
84.848485 4.543217 3.986283 5.100150
85.858586 4.543465 3.986626 5.100304
86.868687 4.543748 3.987016 5.100480
87.878788 4.543796 3.987082 5.100510
88.888889 4.567890 4.004165 5.131616
89.898990 4.668005 4.088704 5.247306
90.909091 4.904129 4.269586 5.538673
91.919192 5.389289 5.020598 5.757980
92.929293 5.779108 5.616453 5.941764
93.939394 6.139151 5.624419 6.653882
94.949495 6.186351 5.652502 6.720200
95.959596 6.287993 5.651306 6.924680
96.969697 6.404601 5.767145 7.042058
97.979798 6.413539 5.770813 7.056265
98.989899 6.417137 5.777628 7.056646
100.000000 1.254018 0.000000 4.211971
