# time_s density
72.0737029 0.000242516984
72.0818161 0.000324499159
72.0899294 0.000431863111
72.0980426 0.000571663264
72.1061558 0.000752656271
72.114269 0.00098563465
72.1223822 0.00128380436
72.1304954 0.00166320642
72.1386087 0.0021431807
72.1467219 0.0027468679
72.1548351 0.00350174278
72.1629483 0.00444016859
72.1710615 0.005599959
72.1791747 0.0070249297
72.187288 0.00876541804
72.1954012 0.0108787444
72.2035144 0.0134295852
72.2116276 0.0164902245
72.2197408 0.0201406475
72.227854 0.0244684372
72.2359673 0.029568439
72.2440805 0.0355421526
72.2521937 0.0424968234
72.2603069 0.0505442027
72.2684201 0.0597989623
72.2765333 0.0703767543
72.2846465 0.0823919251
72.2927598 0.0959549047
72.300873 0.111169313
72.3089862 0.128128837
72.3170994 0.146913967
72.3252126 0.167588666
72.3333258 0.190197106
72.3414391 0.214760576
72.3495523 0.241274696
72.3576655 0.269707083
72.3657787 0.299995581
72.3738919 0.332047188
72.3820051 0.365737786
72.3901184 0.400912741
72.3982316 0.437388444
72.4063448 0.47495479
72.414458 0.513378584
72.4225712 0.552407799
72.4306844 0.591776601
72.4387977 0.631210973
72.4469109 0.670434781
72.4550241 0.709176077
72.4631373 0.74717341
72.4712505 0.784181936
72.4793637 0.81997909
72.4874769 0.854369624
72.4955902 0.887189835
72.5037034 0.918310834
72.5118166 0.94764077
72.5199298 0.97512595
72.528043 1.00075087
72.5361562 1.02453722
72.5442695 1.04654191
72.5523827 1.06685433
72.5604959 1.08559297
72.5686091 1.10290158
72.5767223 1.11894499
72.5848355 1.13390495
72.5929488 1.14797586
72.601062 1.16136079
72.6091752 1.17426761
72.6172884 1.18690547
72.6254016 1.19948145
72.6335148 1.21219747
72.6416281 1.22524724
72.6497413 1.23881327
72.6578545 1.25306377
72.6659677 1.26814927
72.6740809 1.28419908
72.6821941 1.30131734
72.6903073 1.31957881
72.6984206 1.33902437
72.7065338 1.35965643
72.714647 1.38143447
72.7227602 1.40427074
72.7308734 1.4280267
72.7389866 1.45251027
72.7470999 1.47747422
72.7552131 1.50261619
72.7633263 1.52758027
72.7714395 1.55196063
72.7795527 1.57530707
72.7876659 1.59713273
72.7957792 1.61692365
72.8038924 1.63415019
72.8120056 1.64827983
72.8201188 1.65879113
72.828232 1.66518825
72.8363452 1.66701561
72.8444585 1.66387197
72.8525717 1.65542366
72.8606849 1.64141605
72.8687981 1.62168313
72.8769113 1.59615448
72.8850245 1.56485967
72.8931378 1.52792949
72.901251 1.48559429
72.9093642 1.43817934
72.9174774 1.38609732
72.9255906 1.32983838
72.9337038 1.26995809
72.941817 1.20706369
72.9499303 1.14179928
72.9580435 1.07483038
72.9661567 1.00682849
72.9742699 0.938456087
72.9823831 0.870352651
72.9904963 0.803122029
72.9986096 0.737321515
73.0067228 0.673452907
73.014836 0.611955665
73.0229492 0.55320226
73.0310624 0.497495662
73.0391756 0.4450689
73.0472889 0.39608648
73.0554021 0.350647478
73.0635153 0.308790017
73.0716285 0.270496851
73.0797417 0.235701764
73.0878549 0.204296483
73.0959682 0.176137846
73.1040814 0.151054947
73.1121946 0.128856074
73.1203078 0.109335232
73.128421 0.0922781208
73.1365342 0.0774674677
73.1446474 0.0646876457
73.1527607 0.0537285502
73.1608739 0.0443887365
73.1689871 0.0364778451
73.1771003 0.0298183611
73.1852135 0.0242467742
73.1933267 0.0196142096
73.20144 0.0157866104
73.2095532 0.012644553
73.2176664 0.0100827733
73.2257796 0.00800947914
73.2338928 0.00634551817
73.242006 0.00502346204
73.2501193 0.00398665977
73.2582325 0.00318830548
73.2663457 0.00259055676
73.2744589 0.00216373239
73.2825721 0.00188561073
73.2906853 0.00174084385
73.2987986 0.00172049616
73.3069118 0.00182171126
73.315025 0.00204750594
73.3231382 0.00240668576
73.3312514 0.00291387254
73.3393646 0.00358963022
73.3474778 0.00446067136
73.3555911 0.00556012271
73.3637043 0.00692782421
73.3718175 0.00861063154
73.3799307 0.0106626886
73.3880439 0.0131456326
73.3961571 0.0161286905
73.4042704 0.0196886241
73.4123836 0.0239094791
73.4204968 0.0288820934
73.42861 0.0347033211
73.4367232 0.0414749351
73.4448364 0.0493021735
73.4529497 0.0582919083
73.4610629 0.0685504226
73.4691761 0.0801808012
73.4772893 0.0932799508
73.4854025 0.107935291
73.4935157 0.124221173
73.501629 0.142195105
73.5097422 0.161893886
73.5178554 0.183329766
73.5259686 0.206486769
73.5340818 0.231317327
73.542195 0.257739385
73.5503083 0.285634122
73.5584215 0.314844466
73.5665347 0.345174508
73.5746479 0.376389968
73.5827611 0.408219772
73.5908743 0.440358827
73.5989875 0.47247197
73.6071008 0.504199096
73.615214 0.53516136
73.6233272 0.564968336
73.6314404 0.593225948
73.6395536 0.619544979
73.6476668 0.643549885
73.6557801 0.664887647
73.6638933 0.683236381
73.6720065 0.698313399
73.6801197 0.709882449
73.6882329 0.717759872
73.6963461 0.721819454
73.7044594 0.721995786
73.7125726 0.718286021
73.7206858 0.710749952
73.728799 0.699508402
73.7369122 0.684740009
73.7450254 0.666676497
73.7531387 0.645596634
73.7612519 0.621819078
73.7693651 0.595694375
73.7774783 0.567596395
73.7855915 0.537913482
73.7937047 0.507039628
73.8018179 0.475365926
73.8099312 0.443272578
73.8180444 0.411121658
73.8261576 0.37925081
73.8342708 0.347968036
73.842384 0.317547617
73.8504972 0.288227248
73.8586105 0.260206347
73.8667237 0.233645493
73.8748369 0.208666919
73.8829501 0.185355924
73.8910633 0.163763084
73.8991765 0.143907099
73.9072898 0.125778121
73.915403 0.109341407
73.9235162 0.094541151
73.9316294 0.0813043505
73.9397426 0.0695445908
73.9478558 0.0591656445
73.9559691 0.0500648035
73.9640823 0.0421358834
73.9721955 0.0352718601
73.9803087 0.0293671158
73.9884219 0.0243192905
73.9965351 0.0200307484
74.0046483 0.0164096805
74.0127616 0.0133708724
74.0208748 0.0108361757
74.028988 0.00873472031
74.0371012 0.00700291154
74.0452144 0.00558425124
74.0533276 0.00442902295
74.0614409 0.00349387678
74.0695541 0.00274134635
74.0776673 0.00213932569
74.0857805 0.00166052943
74.0938937 0.00128195541
74.1020069 0.000984364477
74.1101202 0.000751788397
74.1182334 0.00057107346
74.1263466 0.000431464439
74.1344598 0.00032423113
74.142573 0.000242337757
