# fraction_pct mean ci_low ci_high
0.000000 2.500345 0.000000 6.509251
1.010101 7.774760 1.731494 13.818026
2.020202 10.693795 7.304967 14.082623
3.030303 13.828818 9.390896 18.266740
4.040404 19.197847 11.032240 27.363454
5.050505 24.428452 14.377396 34.479508
6.060606 25.969709 17.348846 34.590571
7.070707 27.719344 20.635559 34.803130
8.080808 29.454775 23.660221 35.249330
9.090909 31.890167 27.465739 36.314595
10.101010 34.826620 29.520090 40.133149
11.111111 35.886626 30.456584 41.316668
12.121212 37.210074 31.161732 43.258415
13.131313 38.425226 31.639742 45.210710
14.141414 39.716237 31.798023 47.634452
15.151515 40.858443 31.952681 49.764204
16.161616 44.486115 36.402295 52.569935
17.171717 48.982864 43.578032 54.387696
18.181818 53.868221 50.901254 56.835188
19.191919 56.096585 54.050807 58.142363
20.202020 52.783240 40.648317 64.918164
21.212121 47.026434 34.794999 59.257869
22.222222 36.748010 13.082169 60.413851
23.232323 36.655335 12.861292 60.449378
24.242424 30.988093 8.043161 53.933025
25.252525 24.699685 4.092942 45.306427
26.262626 20.983804 9.930591 32.037016
27.272727 17.147616 16.314389 17.980844
28.282828 16.986376 16.599186 17.373566
29.292929 17.081254 16.664924 17.497584
30.303030 17.081254 16.664924 17.497584
31.313131 17.309538 16.601008 18.018069
32.323232 17.309538 16.601008 18.018069
33.333333 18.516041 17.566645 19.465436
34.343434 19.694657 18.062951 21.326362
35.353535 19.694657 18.062951 21.326362
36.363636 19.854636 17.973889 21.735383
37.373737 19.854636 17.973889 21.735383
38.383838 20.176869 18.635040 21.718698
39.393939 20.176869 18.635040 21.718698
40.404040 20.434474 18.748493 22.120455
41.414141 20.523612 18.901508 22.145716
42.424242 20.622659 19.135511 22.109807
43.434343 20.914914 19.303906 22.525921
44.444444 20.947381 19.290296 22.604466
45.454545 20.947381 19.290296 22.604466
46.464646 21.215259 19.828268 22.602249
47.474747 21.371151 19.757566 22.984735
48.484848 21.371151 19.757566 22.984735
49.494949 21.446889 19.932130 22.961648
50.505051 21.456192 19.952280 22.960104
51.515152 21.611201 19.875198 23.347204
52.525253 21.611201 19.875198 23.347204
53.535354 21.693862 20.041392 23.346331
54.545455 21.693862 20.041392 23.346331
55.555556 21.847937 19.962723 23.733151
56.565657 21.847937 19.962723 23.733151
57.575758 21.920731 20.083368 23.758093
58.585859 21.943755 20.071404 23.816106
59.595960 22.073700 20.006579 24.140822
60.606061 22.153690 20.130820 24.176560
61.616162 22.312959 20.370541 24.255377
62.626263 22.543772 20.401902 24.685642
63.636364 22.621718 20.478037 24.765400
64.646465 22.706759 20.731417 24.682102
65.656566 22.863543 20.938340 24.788746
66.666667 23.015288 20.892610 25.137966
67.676768 23.015288 20.892610 25.137966
68.686869 23.041032 20.937244 25.144820
69.696970 23.093798 21.022648 25.164948
70.707071 23.169081 20.993655 25.344506
71.717172 23.169081 20.993655 25.344506
72.727273 23.322309 21.089858 25.554760
73.737374 23.482007 21.427948 25.536066
74.747475 23.482007 21.427948 25.536066
75.757576 23.482007 21.427948 25.536066
76.767677 23.559639 21.538501 25.580776
77.777778 23.657176 21.618894 25.695458
78.787879 23.636124 21.604147 25.668100
79.797980 23.712275 21.650844 25.773706
80.808081 23.865185 21.783325 25.947045
81.818182 23.865185 21.783325 25.947045
82.828283 23.946256 22.058756 25.833756
83.838384 23.973128 22.092984 25.853272
84.848485 24.022741 22.149548 25.895933
85.858586 24.102731 22.425652 25.779809
86.868687 24.102731 22.425652 25.779809
87.878788 24.178882 22.500871 25.856893
88.888889 24.178882 22.500871 25.856893
89.898990 24.178882 22.500871 25.856893
90.909091 24.258161 22.778581 25.737742
91.919192 24.409316 22.865659 25.952974
92.929293 24.409316 22.865659 25.952974
93.939394 24.409316 22.865659 25.952974
94.949495 24.487826 23.144302 25.831351
95.959596 24.795597 24.014547 25.576647
96.969697 25.099389 25.099369 25.099408
97.979798 25.099389 25.099369 25.099408
98.989899 25.271520 25.114591 25.428450
100.000000 0.046199 0.046199 0.046200
