# fraction_pct mean ci_low ci_high
0.000000 7.292042 0.000000 15.061664
1.010101 10.786325 3.833562 17.739088
2.020202 14.123128 13.372594 14.873662
3.030303 14.711775 13.710773 15.712778
4.040404 15.737118 14.509574 16.964661
5.050505 16.370656 15.515377 17.225935
6.060606 17.369044 15.727081 19.011006
7.070707 17.953861 16.907123 19.000598
8.080808 18.714078 16.843312 20.584845
9.090909 18.722596 16.895854 20.549338
10.101010 18.453211 17.013428 19.892995
11.111111 18.458008 17.012470 19.903546
12.121212 18.321800 17.040660 19.602941
13.131313 18.259515 17.037559 19.481470
14.141414 17.837285 16.886919 18.787651
15.151515 17.523639 17.037103 18.010174
16.161616 16.555696 16.087543 17.023848
17.171717 16.173548 15.857631 16.489465
18.181818 12.465317 10.262985 14.667649
19.191919 12.000619 9.906377 14.094862
20.202020 11.970279 9.862305 14.078253
21.212121 11.959637 9.840872 14.078402
22.222222 11.963166 9.848032 14.078300
23.232323 12.649086 11.020701 14.277471
24.242424 12.686285 11.069682 14.302888
25.252525 13.319976 12.209474 14.430477
26.262626 13.321375 12.100431 14.542319
27.272727 13.615537 12.603006 14.628067
28.282828 13.901900 12.901310 14.902489
29.292929 13.930646 13.062616 14.798677
30.303030 13.751079 12.616820 14.885339
31.313131 13.987312 13.184617 14.790006
32.323232 13.987435 13.184830 14.790040
33.333333 13.786697 12.328994 15.244399
34.343434 13.992927 12.879716 15.106139
35.353535 13.926406 12.895234 14.957579
36.363636 13.994209 12.886159 15.102259
37.373737 13.555409 11.984313 15.126504
38.383838 13.945493 12.841911 15.049074
39.393939 13.751936 12.407747 15.096124
40.404040 13.764185 12.420353 15.108017
41.414141 13.751654 12.389295 15.114013
42.424242 13.709015 12.328867 15.089162
43.434343 13.719035 12.395763 15.042306
44.444444 13.661181 12.239631 15.082731
45.454545 13.517900 11.908127 15.127672
46.464646 13.576564 12.144418 15.008709
47.474747 13.623463 12.109500 15.137427
48.484848 13.528211 11.948866 15.107556
49.494949 13.517799 11.939215 15.096383
50.505051 13.564594 12.143726 14.985462
51.515152 13.620279 12.121865 15.118692
52.525253 13.516905 11.950087 15.083724
53.535354 13.566950 12.087982 15.045918
54.545455 13.540813 12.110414 14.971212
55.555556 13.587238 12.078350 15.096125
56.565657 13.503291 11.936711 15.069871
57.575758 13.645605 12.308690 14.982519
58.585859 13.551856 12.164963 14.938750
59.595960 13.362580 11.548241 15.176919
60.606061 13.330685 11.511294 15.150076
61.616162 13.436837 11.912407 14.961266
62.626263 13.404959 11.739245 15.070672
63.636364 13.403596 11.745698 15.061494
64.646465 13.488529 11.967832 15.009226
65.656566 13.498493 12.114276 14.882711
66.666667 13.551102 12.087951 15.014252
67.676768 13.206756 11.253639 15.159873
68.686869 13.342182 11.659879 15.024484
69.696970 13.320184 11.607577 15.032790
70.707071 13.329874 11.591590 15.068157
71.717172 13.211101 11.468352 14.953849
72.727273 13.320634 11.580625 15.060642
73.737374 13.463838 11.905214 15.022462
74.747475 13.454499 11.885132 15.023866
75.757576 13.197676 11.263880 15.131472
76.767677 13.366621 11.662502 15.070740
77.777778 13.313245 11.568810 15.057679
78.787879 13.349236 11.633470 15.065002
79.797980 13.286477 11.524344 15.048610
80.808081 13.349805 11.633638 15.065972
81.818182 13.348978 11.632694 15.065262
82.828283 13.363502 11.717903 15.009101
83.838384 13.385428 11.757378 15.013479
84.848485 13.295319 11.493270 15.097369
85.858586 13.370492 11.693748 15.047235
86.868687 13.117977 11.158272 15.077682
87.878788 13.193479 11.274820 15.112138
88.888889 13.198317 11.281648 15.114986
89.898990 13.238387 11.392322 15.084451
90.909091 13.244592 11.463782 15.025402
91.919192 13.316908 11.584673 15.049144
92.929293 13.239560 11.374977 15.104143
93.939394 13.259679 11.432771 15.086588
94.949495 13.222045 11.404052 15.040037
95.959596 13.186553 11.256708 15.116397
96.969697 13.194450 11.280941 15.107958
97.979798 13.079108 11.055046 15.103170
98.989899 12.941424 10.901198 14.981651
100.000000 0.000000 0.000000 0.000000
