# time_s density
876.160226 2.38723821e-05
876.21595 2.90866586e-05
876.271675 3.53524531e-05
876.327399 4.28620507e-05
876.383123 5.18386921e-05
876.438847 6.25407172e-05
876.494572 7.52661056e-05
876.550296 9.03574235e-05
876.60602 0.00010820718
876.661744 0.000129263592
876.717469 0.000154036736
876.773193 0.000183105084
876.828917 0.000217122369
876.884641 0.000256824752
876.940366 0.000303038222
876.99609 0.000356686154
877.051814 0.000418796937
877.107538 0.00049051157
877.163263 0.000573091076
877.218987 0.000667923612
877.274711 0.0007765311
877.330435 0.000900575185
877.38616 0.00104186234
877.441884 0.00120234789
877.497608 0.00138413868
877.553332 0.00158949424
877.609057 0.00182082612
877.664781 0.0020806951
877.720505 0.00237180617
877.776229 0.00269700085
877.831954 0.00305924678
877.887678 0.00346162421
877.943402 0.00390730935
877.999126 0.0043995543
878.054851 0.00494166357
878.110575 0.00553696705
878.166299 0.00618878947
878.222023 0.00690041637
878.277748 0.00767505689
878.333472 0.00851580338
878.389196 0.00942558832
878.44492 0.0104071389
878.500645 0.0114629298
878.556369 0.0125951344
878.612093 0.0138055763
878.667817 0.0150956795
878.723542 0.0164664213
878.779266 0.017918286
878.83499 0.0194512218
878.890714 0.0210646016
878.946439 0.0227571889
879.002163 0.0245271092
879.057887 0.0263718286
879.113611 0.0282881404
879.169336 0.0302721599
879.22506 0.0323193295
879.280784 0.0344244335
879.336508 0.0365816238
879.392233 0.0387844565
879.447957 0.0410259405
879.503681 0.0432985963
879.559405 0.045594527
879.61513 0.0479054986
879.670854 0.0502230312
879.726578 0.0525384984
879.782302 0.0548432347
879.838027 0.0571286491
879.893751 0.0593863433
879.949475 0.0616082328
880.005199 0.0637866691
880.060924 0.0659145601
880.116648 0.0679854882
880.172372 0.0699938214
880.228096 0.0719348179
880.283821 0.0738047198
880.339545 0.0756008352
880.395269 0.0773216057
880.450993 0.0789666584
880.506718 0.0805368405
880.562442 0.0820342349
880.618166 0.0834621561
880.67389 0.084825126
880.729615 0.0861288291
880.785339 0.0873800466
880.841063 0.0885865712
880.896787 0.0897571026
880.952512 0.0909011245
881.008236 0.0920287665
881.06396 0.0931506507
881.119684 0.0942777274
881.175409 0.0954211009
881.231133 0.0965918496
881.286857 0.0978008415
881.342581 0.0990585511
881.398306 0.100374878
881.45403 0.101758974
881.509754 0.103219073
881.565478 0.104762346
881.621203 0.106394757
881.676927 0.108120946
881.732651 0.109944131
881.788375 0.111866029
881.8441 0.113886803
881.899824 0.116005034
881.955548 0.11821772
882.011272 0.120520293
882.066997 0.122906674
882.122721 0.125369341
882.178445 0.127899427
882.234169 0.130486838
882.289894 0.133120391
882.345618 0.135787968
882.401342 0.138476687
882.457066 0.141173079
882.512791 0.143863281
882.568515 0.146533229
882.624239 0.149168848
882.679963 0.151756253
882.735688 0.154281927
882.791412 0.156732907
882.847136 0.159096944
882.90286 0.161362657
882.958585 0.163519667
883.014309 0.165558712
883.070033 0.167471737
883.125757 0.169251968
883.181482 0.170893958
883.237206 0.172393608
883.29293 0.173748172
883.348654 0.174956226
883.404379 0.176017629
883.460103 0.176933448
883.515827 0.17770588
883.571551 0.178338142
883.627276 0.178834356
883.683 0.179199417
883.738724 0.179438854
883.794448 0.179558684
883.850173 0.17956526
883.905897 0.179465124
883.961621 0.179264857
884.017345 0.178970935
884.07307 0.178589596
884.128794 0.178126714
884.184518 0.177587686
884.240242 0.176977333
884.295967 0.176299816
884.351691 0.175558573
884.407415 0.174756264
884.463139 0.173894749
884.518864 0.172975064
884.574588 0.171997438
884.630312 0.170961307
884.686036 0.169865357
884.741761 0.16870758
884.797485 0.16748534
884.853209 0.166195456
884.908933 0.164834292
884.964658 0.163397861
885.020382 0.161881929
885.076106 0.16028213
885.13183 0.158594079
885.187555 0.156813487
885.243279 0.154936277
885.299003 0.15295869
885.354727 0.150877395
885.410452 0.148689582
885.466176 0.146393055
885.5219 0.143986309
885.577624 0.141468599
885.633349 0.138839997
885.689073 0.136101433
885.744797 0.133254727
885.800521 0.130302605
885.856246 0.127248701
885.91197 0.12409755
885.967694 0.120854558
886.023418 0.117525973
886.079143 0.11411883
886.134867 0.110640898
886.190591 0.107100608
886.246315 0.103506979
886.30204 0.0998695295
886.357764 0.0961981897
886.413488 0.092503207
886.469212 0.0887950476
886.524937 0.0850842972
886.580661 0.0813815618
886.636385 0.0776973699
886.692109 0.0740420772
886.747834 0.0704257754
886.803558 0.066858206
886.859282 0.0633486806
886.915006 0.0599060079
886.970731 0.0565384286
887.026455 0.0532535597
887.082179 0.0500583463
887.137903 0.0469590234
887.193628 0.0439610876
887.249352 0.0410692773
887.305076 0.0382875625
887.3608 0.0356191436
887.416525 0.0330664588
887.472249 0.0306311994
887.527973 0.0283143324
887.583697 0.0261161298
887.639422 0.0240362042
887.695146 0.0220735487
887.75087 0.020226582
887.806594 0.0184931963
887.862319 0.0168708074
887.918043 0.0153564078
887.973767 0.0139466191
888.029491 0.0126377456
888.085216 0.0114258273
888.14094 0.0103066906
888.196664 0.00927599899
888.252388 0.00832929977
888.308113 0.00746206902
888.363837 0.00666975317
888.419561 0.0059478073
888.475285 0.00529172988
888.53101 0.00469709391
888.586734 0.00415957425
888.642458 0.00367497137
888.698182 0.00323923136
888.753907 0.00284846244
888.809631 0.00249894812
888.865355 0.00218715714
888.921079 0.00190975043
888.976804 0.00166358542
889.032528 0.00144571772
889.088252 0.00125340076
889.143976 0.00108408334
889.199701 0.000935405567
889.255425 0.000805193303
889.311149 0.000691451493
889.366873 0.000592356483
889.422598 0.000506247627
889.478322 0.00043161836
889.534046 0.000367106912
889.58977 0.000311486836
889.645495 0.00026365749
889.701219 0.0002226346
889.756943 0.000187541003
889.812667 0.000157597667
889.868392 0.000132115053
889.924116 0.000110484875
889.97984 9.21723019e-05
890.035564 7.67086327e-05
890.091289 6.36844509e-05
890.147013 5.27432794e-05
890.202737 4.35757261e-05
890.258461 3.59141162e-05
890.314186 2.95275951e-05
890.36991 2.42176858e-05
