# time_s density
3228.2809 1.83227903e-06
3229.30961 2.42240438e-06
3230.33833 3.18675085e-06
3231.36704 4.17153627e-06
3232.39575 5.43363424e-06
3233.42446 7.04257138e-06
3234.45318 9.08277625e-06
3235.48189 1.16560795e-05
3236.5106 1.48844551e-05
3237.53932 1.89129802e-05
3238.56803 2.3912976e-05
3239.59674 3.00852738e-05
3240.62545 3.76635321e-05
3241.65417 4.69175071e-05
3242.68288 5.81561564e-05
3243.71159 7.17304316e-05
3244.7403 8.80355912e-05
3245.76902 0.000107512845
3246.79773 0.000130650118
3247.82644 0.000157981717
3248.85516 0.000190086662
3249.88387 0.00022758546
3250.91258 0.000271135101
3251.94129 0.000321422081
3252.97001 0.000379153298
3253.99872 0.000445044715
3255.02743 0.000519807748
3256.05614 0.000604133423
3257.08486 0.000698674427
3258.11357 0.000804025304
3259.14228 0.000920701126
3260.171 0.00104911512
3261.19971 0.00118955581
3262.22842 0.00134216437
3263.25713 0.00150691299
3264.28585 0.001683585
3265.31456 0.00187175786
3266.34327 0.00207078966
3267.37198 0.00227981035
3268.4007 0.00249771817
3269.42941 0.00272318243
3270.45812 0.00295465291
3271.48684 0.00319037642
3272.51555 0.00342842082
3273.54426 0.00366670622
3274.57297 0.00390304328
3275.60169 0.00413517782
3276.6304 0.00436084098
3277.65911 0.00457780369
3278.68783 0.00478393408
3279.71654 0.00497725631
3280.74525 0.00515600884
3281.77396 0.00531870056
3282.80268 0.00546416264
3283.83139 0.00559159438
3284.8601 0.00570060128
3285.88881 0.00579122374
3286.91753 0.00586395506
3287.94624 0.00591974781
3288.97495 0.00596000772
3290.00367 0.005986575
3291.03238 0.00600169309
3292.06109 0.00600796539
3293.0898 0.00600830091
3294.11852 0.00600585012
3295.14723 0.0060039327
3296.17594 0.00600595894
3297.20465 0.00601534715
3298.23337 0.00603543912
3299.26208 0.00606941617
3300.29079 0.00612021798
3301.31951 0.00619046665
3302.34822 0.00628239789
3303.37693 0.00639780143
3304.40564 0.00653797218
3305.43436 0.00670367342
3306.46307 0.00689511305
3307.49178 0.00711193337
3308.52049 0.00735321457
3309.54921 0.00761749168
3310.57792 0.00790278438
3311.60663 0.00820663857
3312.63535 0.0085261785
3313.66406 0.00885816774
3314.69277 0.00919907722
3315.72148 0.00954515831
3316.7502 0.00989251883
3317.77891 0.0102371999
3318.80762 0.0105752513
3319.83633 0.010902804
3320.86505 0.0112161373
3321.89376 0.011511739
3322.92247 0.0117863585
3323.95119 0.01203705
3324.9799 0.012261207
3326.00861 0.0124565862
3327.03732 0.0126213224
3328.06604 0.0127539332
3329.09475 0.012853316
3330.12346 0.0129187368
3331.15218 0.0129498124
3332.18089 0.0129464881
3333.2096 0.012909011
3334.23831 0.0128379011
3335.26703 0.0127339222
3336.29574 0.0125980519
3337.32445 0.0124314535
3338.35316 0.0122354506
3339.38188 0.0120115033
3340.41059 0.0117611887
3341.4393 0.0114861838
3342.46802 0.0111882524
3343.49673 0.0108692337
3344.52544 0.010531034
3345.55415 0.0101756196
3346.58287 0.00980501076
3347.61158 0.00942127561
3348.64029 0.00902652353
3349.669 0.0086228975
3350.69772 0.00821256458
3351.72643 0.00779770445
3352.75514 0.00738049576
3353.78386 0.00696310026
3354.81257 0.00654764503
3355.84128 0.00613620301
3356.86999 0.00573077257
3357.89871 0.00533325648
3358.92742 0.00494544118
3359.95613 0.00456897694
3360.98484 0.00420535968
3362.01356 0.00385591516
3363.04227 0.00352178596
3364.07098 0.00320392187
3365.0997 0.00290307404
3366.12841 0.00261979289
3367.15712 0.00235443006
3368.18583 0.00210714413
3369.21455 0.00187790997
3370.24326 0.00166653137
3371.27197 0.00147265638
3372.30069 0.00129579509
3373.3294 0.00113533904
3374.35811 0.000990581859
3375.38682 0.00086074056
3376.41554 0.000744976869
3377.44425 0.000642418206
3378.47296 0.000552177845
3379.50167 0.000473373929
3380.53039 0.000405147049
3381.5591 0.000346676192
3382.58781 0.000297192937
3383.61653 0.000255993802
3384.64524 0.000222450749
3385.67395 0.000196019842
3386.70266 0.000176248124
3387.73138 0.000162778743
3388.76009 0.000155354404
3389.7888 0.000153819181
3390.81751 0.000158118725
3391.84623 0.000168298856
3392.87494 0.000184502534
3393.90365 0.000206965147
3394.93237 0.000236008044
3395.96108 0.000272030232
3396.98979 0.000315498153
3398.0185 0.000366933433
3399.04722 0.00042689858
3400.07593 0.000495980582
3401.10464 0.000574772451
3402.13335 0.000663852826
3403.16207 0.000763763812
3404.19078 0.000874987354
3405.21949 0.000997920528
3406.24821 0.00113285026
3407.27692 0.00127992803
3408.30563 0.00143914535
3409.33434 0.00161031067
3410.36306 0.00179302867
3411.39177 0.00198668263
3412.42048 0.00219042104
3413.44919 0.00240314886
3414.47791 0.0026235246
3415.50662 0.00284996355
3416.53533 0.00308064775
3417.56405 0.00331354295
3418.59276 0.0035464227
3419.62147 0.00377689923
3420.65018 0.0040024608
3421.6789 0.00422051475
3422.70761 0.00442843535
3423.73632 0.0046236152
3424.76504 0.0048035189
3425.79375 0.00496573734
3426.82246 0.00510804113
3427.85117 0.00522843142
3428.87989 0.00532518655
3429.9086 0.00539690301
3430.93731 0.00544252925
3431.96602 0.00546139137
3432.99474 0.00545320967
3434.02345 0.00541810553
3435.05216 0.00535659843
3436.08088 0.00526959315
3437.10959 0.00515835762
3438.1383 0.00502449218
3439.16701 0.0048698913
3440.19573 0.00469669897
3441.22444 0.00450725936
3442.25315 0.00430406417
3443.28186 0.00408969849
3444.31058 0.00386678665
3445.33929 0.00363793969
3446.368 0.00340570592
3447.39672 0.00317252577
3448.42543 0.00294069199
3449.45414 0.00271231598
3450.48285 0.00248930088
3451.51157 0.00227332154
3452.54028 0.00206581158
3453.56899 0.00186795717
3454.5977 0.00168069723
3455.62642 0.00150472945
3456.65513 0.00134052131
3457.68384 0.00118832542
3458.71256 0.00104819822
3459.74127 0.000920021157
3460.76998 0.000803523488
3461.79869 0.000698305886
3462.82741 0.000603864077
3463.85612 0.000519611856
3464.88483 0.000444902938
3465.91354 0.000379051187
3466.94226 0.000321348897
3467.97097 0.000271082905
3468.99968 0.000227548415
3470.0284 0.000190060498
3471.05711 0.000157963328
3472.08582 0.000130637257
3473.11453 0.000107503894
3474.14325 8.80293926e-05
3475.17196 7.17261597e-05
3476.20067 5.81532268e-05
3477.22939 4.69155079e-05
3478.2581 3.76621745e-05
3479.28681 3.00843564e-05
3480.31552 2.39123592e-05
3481.34424 1.89125674e-05
3482.37295 1.48841802e-05
3483.40166 1.16558974e-05
3484.43037 9.08265619e-06
3485.45909 7.04249261e-06
3486.4878 5.43358281e-06
3487.51651 4.17150287e-06
3488.54523 3.18672925e-06
3489.57394 2.42239049e-06
3490.60265 1.83227014e-06
