# time_s density
751.824938 6.8706085e-06
752.103704 9.03190887e-06
752.382469 1.18188698e-05
752.661235 1.53952402e-05
752.94 1.99624231e-05
753.218766 2.57666848e-05
753.497532 3.31073691e-05
753.776297 4.23461629e-05
754.055063 5.39174392e-05
754.333828 6.83396722e-05
754.612594 8.62278811e-05
754.89136 0.000108307015
755.170125 0.000135426139
755.448891 0.000168573204
755.727656 0.00020889015
756.006422 0.000257687958
756.285188 0.000316461247
756.563953 0.00038690189
756.842719 0.000470911049
757.121484 0.000570608964
757.40025 0.00068834176
757.679016 0.000826684469
757.957781 0.000988439455
758.236547 0.00117662941
758.515312 0.00139448411
758.794078 0.00164542015
759.072844 0.00193301311
759.351609 0.00226096144
759.630375 0.00263304194
759.90914 0.0030530566
760.187906 0.00352477095
760.466671 0.00405184443
760.745437 0.00463775355
761.024203 0.00528570897
761.302968 0.00599856791
761.581734 0.00677874392
761.860499 0.007628116
762.139265 0.00854793966
762.418031 0.00953876253
762.696796 0.0106003475
762.975562 0.0117316061
763.254327 0.0129305458
763.533093 0.0141942325
763.811859 0.0155187728
764.090624 0.016899316
764.36939 0.0183300802
764.648155 0.0198044002
764.926921 0.0213148011
765.205687 0.0228530947
765.484452 0.0244104985
765.763218 0.0259777755
766.041983 0.027545391
766.320749 0.0291036838
766.599515 0.0306430467
766.87828 0.0321541113
767.157046 0.0336279315
767.435811 0.0350561616
767.714577 0.0364312194
767.993343 0.0377464337
768.272108 0.0389961653
768.550874 0.0401759019
768.829639 0.0412823187
769.108405 0.0423133043
769.38717 0.043267949
769.665936 0.0441464951
769.944702 0.0449502496
770.223467 0.0456814622
770.502233 0.0463431722
770.780998 0.0469390274
771.059764 0.047473084
771.33853 0.0479495914
771.617295 0.048372772
771.896061 0.0487466026
772.174826 0.0490746061
772.453592 0.0493596624
772.732358 0.0496038445
773.011123 0.0498082878
773.289889 0.0499730977
773.568654 0.0500972996
773.84742 0.0501788347
774.126186 0.0502146009
774.404951 0.0502005397
774.683717 0.0501317657
774.962482 0.0500027343
775.241248 0.0498074415
775.520014 0.0495396501
775.798779 0.0491931314
776.077545 0.0487619173
776.35631 0.0482405493
776.635076 0.0476243195
776.913841 0.0469094916
777.192607 0.0460934952
777.471373 0.0451750871
777.750138 0.0441544727
778.028904 0.0430333842
778.307669 0.0418151133
778.586435 0.0405044972
778.865201 0.0391078593
779.143966 0.0376329071
779.422732 0.0360885919
779.701497 0.0344849346
779.980263 0.0328328252
780.259029 0.0311438018
780.537794 0.0294298184
780.81656 0.0277030068
781.095325 0.0259754417
781.374091 0.0242589155
781.652857 0.022564729
781.931622 0.0209035024
782.210388 0.0192850128
782.489153 0.01771806
782.767919 0.0162103625
783.046685 0.0147684854
783.32545 0.0133977998
783.604216 0.0121024714
783.882981 0.0108854779
784.161747 0.00974865117
784.440513 0.00869274096
784.719278 0.00771749715
784.998044 0.00682176581
785.276809 0.00600359551
785.555575 0.00526034999
785.83434 0.00458882341
786.113106 0.00398535509
786.391872 0.00344594066
786.670637 0.00296633732
786.949403 0.0025421612
787.228168 0.00216897533
787.506934 0.00184236742
787.7857 0.00155801666
788.064465 0.00131174972
788.343231 0.00109958589
788.621996 0.000917772079
788.900762 0.00076280842
789.179528 0.000631465288
789.458293 0.000520792921
789.737059 0.000428124696
790.015824 0.000351075198
790.29459 0.000287534227
790.573356 0.000235657781
790.852121 0.000193857018
791.130887 0.000160786091
791.409652 0.000135329619
791.688418 0.000116590476
791.967184 0.000103878429
792.245949 9.67000381e-05
792.524715 9.47501178e-05
792.80348 9.79049206e-05
793.082246 0.000106217109
793.361012 0.000119912446
793.639777 0.000139388042
793.918543 0.000165211883
794.197308 0.000198123264
794.476074 0.000239033667
794.754839 0.000289027534
795.033605 0.000349362297
795.312371 0.000421466987
795.591136 0.000506938662
795.869902 0.000607535907
796.148667 0.000725168606
796.427433 0.000861883234
796.706199 0.00101984297
796.984964 0.00120130198
797.26373 0.00140857343
797.542495 0.00164399081
797.821261 0.0019098625
798.100027 0.00220841967
798.378792 0.00254175783
798.657558 0.00291177286
798.936323 0.00332009227
799.215089 0.00376800327
799.493855 0.00425637912
799.77262 0.00478560575
800.051386 0.00535551087
800.330151 0.00596529791
800.608917 0.00661348749
800.887683 0.00729786882
801.166448 0.00801546379
801.445214 0.008762506
801.723979 0.0095344371
802.002745 0.0103259219
802.281511 0.0111308841
802.560276 0.0119425627
802.839042 0.0127535896
803.117807 0.0135560882
803.396573 0.0143417905
803.675338 0.0151021717
803.954104 0.0158285987
804.23287 0.0165124902
804.511635 0.0171454827
804.790401 0.0177195994
805.069166 0.0182274166
805.347932 0.0186622232
805.626698 0.0190181678
805.905463 0.0192903901
806.184229 0.0194751309
806.462994 0.0195698185
806.74176 0.0195731286
807.020526 0.0194850147
807.299291 0.0193067097
807.578057 0.0190406966
807.856822 0.0186906513
808.135588 0.0182613584
808.414354 0.0177586014
808.693119 0.0171890344
808.971885 0.0165600345
809.25065 0.0158795443
809.529416 0.0151559048
809.808182 0.0143976875
810.086947 0.0136135269
810.365713 0.0128119609
810.644478 0.0120012807
810.923244 0.0111893954
811.20201 0.0103837132
811.480775 0.00959104194
811.759541 0.00881750942
812.038306 0.00806850575
812.317072 0.00734864609
812.595837 0.00666175397
812.874603 0.00601086377
813.153369 0.00539824038
813.432134 0.00482541414
813.7109 0.0042932285
813.989665 0.00380189793
814.268431 0.0033510734
814.547197 0.00293991292
814.825962 0.00256715465
815.104728 0.00223119041
815.383493 0.00193013762
815.662259 0.00166190792
815.941025 0.00142427114
816.21979 0.00121491371
816.498556 0.00103149049
816.777321 0.000871669921
817.056087 0.000733172103
817.334853 0.000613799941
817.613618 0.000511463671
817.892384 0.000424199135
818.171149 0.000350180375
818.449915 0.000287727166
818.728681 0.00023530815
819.007446 0.000191540277
819.286212 0.000155185196
819.564977 0.000125143273
819.843743 0.000100445796
820.122508 8.02459381e-05
820.401274 6.38089196e-05
820.68004 5.05017889e-05
820.958805 3.97831504e-05
821.237571 3.11931059e-05
821.516336 2.4343617e-05
821.795102 1.89094384e-05
822.073868 1.46197247e-05
822.352633 1.12503698e-05
822.631399 8.61710603e-06
822.910164 6.56936081e-06
