# fraction_pct mean ci_low ci_high
0.000000 0.000000 0.000000 0.000000
1.010101 0.000000 0.000000 0.000000
2.020202 0.000000 0.000000 0.000000
3.030303 0.000000 0.000000 0.000000
4.040404 0.000000 0.000000 0.000000
5.050505 0.000000 0.000000 0.000000
6.060606 0.000000 0.000000 0.000000
7.070707 0.000000 0.000000 0.000000
8.080808 0.005804 0.000000 0.014225
9.090909 0.149484 0.135004 0.163964
10.101010 0.159723 0.159722 0.159723
11.111111 0.166597 0.148923 0.184270
12.121212 0.171474 0.141260 0.201689
13.131313 0.179522 0.146011 0.213033
14.141414 0.184952 0.138882 0.231021
15.151515 0.191826 0.148680 0.234971
16.161616 0.191826 0.148680 0.234971
17.171717 0.191826 0.148680 0.234971
18.181818 0.191826 0.148680 0.234971
19.191919 0.191826 0.148680 0.234971
20.202020 0.198700 0.160693 0.236707
21.212121 0.203572 0.164492 0.242651
22.222222 0.203572 0.164492 0.242651
23.232323 0.210827 0.181597 0.240057
24.242424 0.216269 0.188752 0.243787
25.252525 0.216407 0.189050 0.243764
26.262626 0.216407 0.189050 0.243764
27.272727 0.216407 0.189050 0.243764
28.282828 0.216407 0.189050 0.243764
29.292929 0.219072 0.190556 0.247589
30.303030 0.217590 0.189921 0.245259
31.313131 0.217590 0.189921 0.245259
32.323232 0.222848 0.190198 0.255499
33.333333 0.222848 0.190198 0.255499
34.343434 0.232590 0.213213 0.251967
35.353535 0.232590 0.213213 0.251967
36.363636 0.249167 0.197478 0.300855
37.373737 0.238287 0.222951 0.253623
38.383838 0.240123 0.223552 0.256693
39.393939 0.240123 0.223552 0.256693
40.404040 0.240123 0.223552 0.256693
41.414141 0.241353 0.223477 0.259229
42.424242 0.247932 0.221733 0.274130
43.434343 0.267292 0.224141 0.310443
44.444444 0.258550 0.246784 0.270315
45.454545 0.258550 0.246784 0.270315
46.464646 0.258550 0.246784 0.270315
47.474747 0.263124 0.250075 0.276173
48.484848 0.260177 0.249311 0.271042
49.494949 0.262093 0.250034 0.274153
50.505051 0.265935 0.255832 0.276038
51.515152 0.257664 0.243566 0.271761
52.525253 0.267155 0.243465 0.290844
53.535354 0.248296 0.234325 0.262266
54.545455 0.243851 0.238507 0.249196
55.555556 0.248926 0.243776 0.254077
56.565657 0.243451 0.233581 0.253321
57.575758 0.247360 0.238984 0.255736
58.585859 0.245269 0.232850 0.257688
59.595960 0.238887 0.223989 0.253786
60.606061 0.240196 0.225231 0.255162
61.616162 0.235198 0.221801 0.248595
62.626263 0.234973 0.221298 0.248648
63.636364 0.236723 0.227165 0.246280
64.646465 0.232098 0.220810 0.243386
65.656566 0.232477 0.221320 0.243635
66.666667 0.238740 0.210645 0.266836
67.676768 0.228288 0.222806 0.233770
68.686869 0.228580 0.222954 0.234207
69.696970 0.194086 0.101992 0.286180
70.707071 0.194086 0.101992 0.286180
71.717172 0.193362 0.101728 0.284996
72.727273 0.193168 0.101651 0.284686
73.737374 0.193218 0.101671 0.284765
74.747475 0.193218 0.101671 0.284765
75.757576 0.193135 0.101637 0.284633
76.767677 0.192795 0.101496 0.284095
77.777778 0.192833 0.101512 0.284154
78.787879 0.192833 0.101512 0.284154
79.797980 0.192833 0.101512 0.284154
80.808081 0.192669 0.101441 0.283896
81.818182 0.192677 0.101445 0.283910
82.828283 0.193177 0.101559 0.284795
83.838384 0.193177 0.101559 0.284795
84.848485 0.194872 0.102219 0.287525
85.858586 0.193078 0.101521 0.284636
86.868687 0.192679 0.101290 0.284069
87.878788 0.192754 0.101319 0.284189
88.888889 0.192741 0.101313 0.284169
89.898990 0.192741 0.101313 0.284169
90.909091 0.197414 0.101378 0.293450
91.919192 0.191109 0.100987 0.281232
92.929293 0.191364 0.101060 0.281669
93.939394 0.191364 0.101060 0.281669
94.949495 0.129120 0.028900 0.229341
95.959596 0.026776 0.026775 0.026776
96.969697 0.026776 0.026775 0.026776
97.979798 0.028506 0.021629 0.035383
98.989899 0.025542 0.025509 0.025575
100.000000 0.025542 0.025509 0.025575
