# fraction_pct mean ci_low ci_high
0.000000 0.002464 0.001290 0.003637
1.010101 0.159585 0.059504 0.259665
2.020202 0.309445 0.239772 0.379118
3.030303 0.404863 0.390588 0.419138
4.040404 0.434887 0.430732 0.439041
5.050505 0.486941 0.482632 0.491250
6.060606 0.514193 0.511747 0.516639
7.070707 0.570806 0.562365 0.579247
8.080808 0.730690 0.708677 0.752703
9.090909 0.903604 0.878361 0.928848
10.101010 0.911405 0.887455 0.935356
11.111111 0.919827 0.900089 0.939565
12.121212 0.931796 0.909049 0.954544
13.131313 0.935502 0.908914 0.962089
14.141414 0.937515 0.909595 0.965436
15.151515 0.939331 0.911427 0.967235
16.161616 0.940959 0.910649 0.971269
17.171717 0.941677 0.912005 0.971349
18.181818 0.942936 0.914209 0.971664
19.191919 0.943785 0.915342 0.972227
20.202020 0.948325 0.915383 0.981267
21.212121 0.947275 0.917023 0.977526
22.222222 0.948714 0.919783 0.977645
23.232323 0.952101 0.924100 0.980102
24.242424 0.951644 0.920058 0.983229
25.252525 0.955685 0.923300 0.988070
26.262626 0.955767 0.923476 0.988058
27.272727 0.955864 0.923685 0.988044
28.282828 0.956906 0.925597 0.988215
29.292929 0.957317 0.926486 0.988148
30.303030 0.959639 0.930360 0.988918
31.313131 0.962545 0.929976 0.995114
32.323232 0.966959 0.932415 1.001503
33.333333 0.969127 0.937138 1.001116
34.343434 0.972674 0.939364 1.005985
35.353535 0.975592 0.940664 1.010520
36.363636 0.981295 0.945551 1.017039
37.373737 0.985086 0.950909 1.019264
38.383838 0.985746 0.952111 1.019380
39.393939 0.986164 0.953059 1.019268
40.404040 0.987459 0.954210 1.020707
41.414141 0.990963 0.955033 1.026893
42.424242 0.993100 0.960679 1.025521
43.434343 0.995956 0.965861 1.026051
44.444444 0.996005 0.965993 1.026017
45.454545 0.996179 0.966366 1.025991
46.464646 0.997189 0.968553 1.025825
47.474747 0.999283 0.970119 1.028446
48.484848 1.001810 0.973834 1.029787
49.494949 1.003984 0.977241 1.030728
50.505051 1.009718 0.977692 1.041745
51.515152 1.021360 0.976480 1.066241
52.525253 1.026041 0.987519 1.064562
53.535354 1.037324 0.997501 1.077148
54.545455 1.041134 1.003585 1.078684
55.555556 1.042888 1.003944 1.081832
56.565657 1.046232 1.010320 1.082144
57.575758 1.047279 1.011858 1.082700
58.585859 1.048147 1.011254 1.085039
59.595960 1.049468 1.012712 1.086223
60.606061 1.052264 1.017564 1.086963
61.616162 1.055328 1.020595 1.090061
62.626263 1.057633 1.021178 1.094087
63.636364 1.060849 1.021490 1.100208
64.646465 1.062297 1.023925 1.100668
65.656566 1.063881 1.026182 1.101579
66.666667 1.066407 1.028303 1.104512
67.676768 1.066433 1.028270 1.104595
68.686869 1.066895 1.028867 1.104924
69.696970 1.065730 1.026901 1.104559
70.707071 1.065730 1.026901 1.104559
71.717172 1.065735 1.026913 1.104558
72.727273 1.065738 1.026917 1.104558
73.737374 1.065738 1.026918 1.104558
74.747475 1.065738 1.026918 1.104558
75.757576 1.065741 1.026924 1.104558
76.767677 1.065753 1.026948 1.104558
77.777778 1.065764 1.026970 1.104558
78.787879 1.065764 1.026970 1.104558
79.797980 1.065764 1.026970 1.104558
80.808081 1.066143 1.027729 1.104557
81.818182 1.066215 1.027666 1.104763
82.828283 1.066592 1.027652 1.105531
83.838384 1.066592 1.027652 1.105531
84.848485 1.068112 1.028396 1.107827
85.858586 1.068132 1.028434 1.107830
86.868687 1.070898 1.025815 1.115981
87.878788 1.071429 1.026767 1.116092
88.888889 1.072039 1.027822 1.116256
89.898990 1.073885 1.028374 1.119396
90.909091 1.075193 1.029014 1.121371
91.919192 1.076013 1.028432 1.123594
92.929293 1.076508 1.028706 1.124310
93.939394 1.076527 1.028736 1.124317
94.949495 1.079119 1.024166 1.134071
95.959596 1.085908 1.024562 1.147255
96.969697 1.087938 1.028227 1.147650
97.979798 0.859053 0.304455 1.413651
98.989899 0.000000 0.000000 0.000000
100.000000 0.000000 0.000000 0.000000
