# time_s density
3.97957858 0.00293722464
3.98017659 0.00381066571
3.9807746 0.00492259726
3.98137261 0.00633165913
3.98197062 0.00810905997
3.98256863 0.0103407792
3.98316664 0.013130032
3.98376465 0.0165999994
3.98436266 0.0208968164
3.98496067 0.0261928014
3.98555869 0.0326898964
3.9861567 0.0406232728
3.98675471 0.0502650417
3.98735272 0.0619279865
3.98795073 0.0759692168
3.98854874 0.09279362
3.98914675 0.112856966
3.98974476 0.136668494
3.99034277 0.164792803
3.99094078 0.197850827
3.99153879 0.236519693
3.9921368 0.281531219
3.99273481 0.333668832
3.99333282 0.393762692
3.99393083 0.462682795
3.99452884 0.541329902
3.99512685 0.630624144
3.99572486 0.731491213
3.99632287 0.844846125
3.99692088 0.971574602
3.99751889 1.11251221
3.9981169 1.26842148
3.99871491 1.43996739
3.99931292 1.62769154
3.99991093 1.83198568
4.00050894 2.05306517
4.00110695 2.29094311
4.00170496 2.54540588
4.00230297 2.81599107
4.00290098 3.10196855
4.00349899 3.40232568
4.004097 3.71575739
4.00469501 4.04066206
4.00529302 4.37514375
4.00589103 4.71702151
4.00648904 5.063846
4.00708705 5.41292377
4.00768506 5.76134912
4.00828307 6.10604335
4.00888108 6.44380093
4.00947909 6.77134183
4.0100771 7.08536924
4.01067511 7.38263128
4.01127312 7.65998569
4.01187113 7.91446578
4.01246914 8.14334625
4.01306715 8.34420708
4.01366516 8.51499413
4.01426317 8.65407455
4.01486118 8.76028582
4.01545919 8.83297692
4.0160572 8.87204045
4.01665521 8.87793501
4.01725323 8.85169685
4.01785124 8.7949407
4.01844925 8.70984938
4.01904726 8.59915254
4.01964527 8.46609472
4.02024328 8.31439354
4.02084129 8.14818866
4.0214393 7.97198262
4.02203731 7.79057464
4.02263532 7.60898855
4.02323333 7.43239622
4.02383134 7.26603758
4.02442935 7.11513884
4.02502736 6.98482981
4.02562537 6.8800618
4.02622338 6.80552717
4.02682139 6.76558164
4.0274194 6.76417038
4.02801741 6.80475907
4.02861542 6.89027062
4.02921343 7.02302873
4.02981144 7.20470909
4.03040945 7.43629912
4.03100746 7.71806705
4.03160547 8.04954127
4.03220348 8.42950048
4.03280149 8.85597554
4.0333995 9.32626332
4.03399751 9.83695308
4.03459552 10.3839655
4.03519353 10.9626041
4.03579154 11.5676193
4.03638955 12.1932837
4.03698756 12.833478
4.03758557 13.4817864
4.03818358 14.1315996
4.03878159 14.7762231
4.0393796 15.4089895
4.03997761 16.0233709
4.04057562 16.6130905
4.04117363 17.1722284
4.04177164 17.6953214
4.04236965 18.1774516
4.04296766 18.6143237
4.04356567 19.0023272
4.04416368 19.338582
4.04476169 19.6209675
4.0453597 19.848132
4.04595771 20.0194853
4.04655572 20.1351719
4.04715373 20.1960282
4.04775174 20.203524
4.04834975 20.159691
4.04894776 20.0670406
4.04954578 19.9284742
4.05014379 19.7471889
4.0507418 19.5265811
4.05133981 19.270153
4.05193782 18.9814235
4.05253583 18.6638458
4.05313384 18.3207366
4.05373185 17.9552155
4.05432986 17.5701588
4.05492787 17.1681664
4.05552588 16.7515441
4.05612389 16.3222984
4.0567219 15.8821457
4.05731991 15.4325322
4.05791792 14.9746645
4.05851593 14.5095474
4.05911394 14.0380282
4.05971195 13.5608437
4.06030996 13.0786688
4.06090797 12.5921629
4.06150598 12.102015
4.06210399 11.6089818
4.062702 11.1139211
4.06330001 10.6178171
4.06389802 10.1217982
4.06449603 9.62714666
4.06509404 9.13529956
4.06569205 8.64784337
4.06629006 8.1665009
4.06688807 7.69311275
4.06748608 7.22961412
4.06808409 6.77800817
4.0686821 6.34033727
4.06928011 5.91865327
4.06987812 5.51498799
4.07047613 5.13132485
4.07107414 4.76957252
4.07167215 4.43154099
4.07227016 4.11892073
4.07286817 3.8332648
4.07346618 3.57597411
4.07406419 3.34828543
4.0746622 3.15126201
4.07526021 2.9857861
4.07585822 2.85255301
4.07645623 2.75206617
4.07705424 2.68463255
4.07765225 2.65035803
4.07825026 2.64914248
4.07884827 2.68067412
4.07944628 2.74442318
4.08004429 2.83963501
4.0806423 2.96532269
4.08124031 3.12025977
4.08183833 3.30297347
4.08243634 3.51173917
4.08303435 3.7445768
4.08363236 3.99925
4.08423037 4.27326885
4.08482838 4.56389682
4.08542639 4.86816276
4.0860244 5.18287836
4.08662241 5.50466144
4.08722042 5.82996543
4.08781843 6.15511474
4.08841644 6.47634587
4.08901445 6.78985383
4.08961246 7.09184283
4.09021047 7.37858055
4.09080848 7.64645456
4.09140649 7.89202969
4.0920045 8.11210483
4.09260251 8.30376762
4.09320052 8.46444555
4.09379853 8.5919519
4.09439654 8.68452523
4.09499455 8.74086112
4.09559256 8.7601352
4.09619057 8.74201668
4.09678858 8.68667194
4.09738659 8.5947579
4.0979846 8.46740544
4.09858261 8.30619317
4.09918062 8.11311232
4.09977863 7.89052374
4.10037664 7.64110823
4.10097465 7.36781146
4.10157266 7.07378518
4.10217067 6.76232618
4.10276868 6.43681451
4.10336669 6.1006528
4.1039647 5.75720784
4.10456271 5.40975596
4.10516072 5.06143328
4.10575873 4.7151918
4.10635674 4.37376216
4.10695475 4.03962332
4.10755276 3.71497979
4.10815077 3.40174607
4.10874878 3.10153837
4.10934679 2.81567317
4.1099448 2.54517197
4.11054281 2.29077173
4.11114082 2.05294015
4.11173883 1.83189487
4.11233684 1.62762586
4.11293485 1.43992009
4.11353286 1.26838757
4.11413088 1.11248799
4.11472889 0.971557386
4.1153269 0.844833938
4.11592491 0.731482623
4.11652292 0.630618115
4.11712093 0.541325689
4.11771894 0.462679863
4.11831695 0.393760661
4.11891496 0.333667431
4.11951297 0.281530256
4.12011098 0.236519035
4.12070899 0.197850379
4.121307 0.164792499
4.12190501 0.136668289
4.12250302 0.112856828
4.12310103 0.0927935276
4.12369904 0.0759691552
4.12429705 0.0619279456
4.12489506 0.0502650147
4.12549307 0.040623255
4.12609108 0.0326898848
4.12668909 0.0261927938
4.1272871 0.0208968114
4.12788511 0.0165999962
4.12848312 0.0131300299
4.12908113 0.0103407779
4.12967914 0.00810905912
4.13027715 0.00633165859
4.13087516 0.00492259692
4.13147317 0.00381066549
4.13207118 0.00293722451
