# fraction_pct mean ci_low ci_high
0.000000 0.000000 0.000000 0.000000
1.010101 0.000000 0.000000 0.000000
2.020202 0.000000 0.000000 0.000000
3.030303 0.000000 0.000000 0.000000
4.040404 0.000000 0.000000 0.000000
5.050505 0.000000 0.000000 0.000000
6.060606 0.000000 0.000000 0.000000
7.070707 0.000000 0.000000 0.000000
8.080808 0.000000 0.000000 0.000000
9.090909 0.000000 0.000000 0.000000
10.101010 0.000000 0.000000 0.000000
11.111111 0.167201 0.029646 0.304756
12.121212 2.201242 0.759611 3.642874
13.131313 4.239652 2.230546 6.248759
14.141414 6.801401 3.476332 10.126469
15.151515 9.259351 4.893666 13.625035
16.161616 10.053168 5.632941 14.473395
17.171717 11.217404 6.740521 15.694288
18.181818 11.477356 6.900856 16.053857
19.191919 11.616893 7.117380 16.116406
20.202020 11.753909 7.303069 16.204748
21.212121 11.884241 7.454129 16.314354
22.222222 12.023055 7.587201 16.458909
23.232323 12.144063 7.679872 16.608254
24.242424 12.284785 7.760877 16.808693
25.252525 12.424921 7.814020 17.035823
26.262626 12.544141 7.838734 17.249547
27.272727 13.021949 8.305642 17.738257
28.282828 14.027090 10.137396 17.916784
29.292929 15.832796 13.826970 17.838622
30.303030 17.403253 16.528898 18.277607
31.313131 18.738595 17.645207 19.831982
32.323232 22.163502 17.962724 26.364279
33.333333 22.289073 18.676940 25.901207
34.343434 22.498541 19.131378 25.865705
35.353535 22.515928 19.166010 25.865845
36.363636 22.775702 19.618636 25.932769
37.373737 22.937858 19.833667 26.042049
38.383838 22.943889 19.840602 26.047177
39.393939 23.272140 20.101896 26.442384
40.404040 23.364427 20.135638 26.593216
41.414141 23.397084 20.143683 26.650486
42.424242 23.686623 20.134757 27.238489
43.434343 23.785655 20.102609 27.468701
44.444444 23.786220 20.102388 27.470052
45.454545 24.321590 19.844431 28.798750
46.464646 23.965402 19.836286 28.094517
47.474747 22.979423 20.430272 25.528574
48.484848 24.533454 22.320690 26.746219
49.494949 21.264476 17.096317 25.432636
50.505051 15.655115 15.332720 15.977510
51.515152 16.265984 16.264785 16.267183
52.525253 16.265984 16.264785 16.267183
53.535354 16.265984 16.264785 16.267183
54.545455 16.265984 16.264785 16.267183
55.555556 16.265984 16.264785 16.267183
56.565657 16.647509 15.666684 17.628334
57.575758 15.805542 14.621670 16.989415
58.585859 14.244428 9.046930 19.441925
59.595960 14.274458 9.057136 19.491780
60.606061 15.395735 9.381104 21.410365
61.616162 15.465301 9.397816 21.532786
62.626263 15.465301 9.397816 21.532786
63.636364 15.465301 9.397816 21.532786
64.646465 15.465301 9.397816 21.532786
65.656566 15.465301 9.397816 21.532786
66.666667 15.465301 9.397816 21.532786
67.676768 15.817218 9.419374 22.215062
68.686869 16.020146 9.559869 22.480423
69.696970 16.539669 9.800938 23.278400
70.707071 14.336714 7.420891 21.252536
71.717172 10.549485 3.666540 17.432430
72.727273 8.250507 1.548983 14.952030
73.737374 7.368020 0.325035 14.411005
74.747475 7.368020 0.325035 14.411005
75.757576 7.183465 0.000000 14.519449
76.767677 9.082031 3.149501 15.014562
77.777778 9.477816 3.800413 15.155218
78.787879 9.735651 4.208823 15.262480
79.797980 10.042452 4.716022 15.368883
80.808081 6.562541 0.000000 14.492587
81.818182 6.569132 0.000000 14.493452
82.828283 6.840868 0.000000 15.556264
83.838384 6.840898 0.000000 15.556268
84.848485 8.143529 0.325173 15.961886
85.858586 8.929297 1.641222 16.217371
86.868687 9.458626 2.710806 16.206446
87.878788 9.833202 3.322916 16.343487
88.888889 9.609408 2.959704 16.259112
89.898990 9.102525 1.824705 16.380344
90.909091 7.285175 0.000000 16.421030
91.919192 7.013898 0.000000 16.130552
92.929293 7.081442 0.000000 16.200970
93.939394 6.488660 0.000000 15.695386
94.949495 5.715762 0.000000 15.426922
95.959596 2.189246 0.000000 5.457077
96.969697 1.583836 0.000000 5.239152
97.979798 0.451810 0.287059 0.616561
98.989899 0.470137 0.133618 0.806655
100.000000 0.173844 0.000000 0.497439
