# fraction_pct mean ci_low ci_high
0.000000 0.005953 0.002427 0.009480
1.010101 0.469903 0.000000 0.960105
2.020202 0.788710 0.000000 1.613481
3.030303 1.194690 0.299320 2.090061
4.040404 1.883060 1.328289 2.437830
5.050505 2.200467 2.046032 2.354902
6.060606 2.211910 2.064768 2.359053
7.070707 2.220533 2.071206 2.369861
8.080808 2.827354 2.361071 3.293637
9.090909 3.109528 3.015323 3.203734
10.101010 3.116872 3.021586 3.212159
11.111111 3.258697 3.083164 3.434230
12.121212 4.306057 4.058220 4.553894
13.131313 4.387699 4.181880 4.593519
14.141414 4.519510 4.340861 4.698159
15.151515 4.585068 4.401844 4.768291
16.161616 4.589289 4.401266 4.777312
17.171717 4.662545 4.407391 4.917699
18.181818 4.662526 4.407381 4.917671
19.191919 4.662693 4.407473 4.917913
20.202020 4.662702 4.407478 4.917926
21.212121 4.662434 4.407330 4.917539
22.222222 4.662436 4.407331 4.917541
23.232323 4.662473 4.407352 4.917595
24.242424 4.662473 4.407352 4.917595
25.252525 4.662490 4.407361 4.917619
26.262626 4.662321 4.407267 4.917376
27.272727 4.662912 4.407629 4.918194
28.282828 4.771645 4.638029 4.905261
29.292929 4.945270 4.724394 5.166146
30.303030 5.145011 5.002793 5.287229
31.313131 5.179309 5.066578 5.292039
32.323232 5.201375 5.102245 5.300506
33.333333 5.288073 5.106504 5.469642
34.343434 5.260852 5.145911 5.375792
35.353535 5.262271 5.143952 5.380590
36.363636 5.236305 5.174693 5.297918
37.373737 5.231445 5.177811 5.285079
38.383838 5.251385 5.158451 5.344320
39.393939 5.248947 5.161481 5.336414
40.404040 5.244526 5.166665 5.322388
41.414141 5.247237 5.163539 5.330936
42.424242 5.245938 5.165060 5.326816
43.434343 5.245250 5.165848 5.324653
44.444444 5.246653 5.164228 5.329078
45.454545 5.242879 5.162286 5.323472
46.464646 5.230397 5.154146 5.306648
47.474747 5.241774 5.161547 5.322001
48.484848 5.316134 5.088323 5.543944
49.494949 5.310338 5.087146 5.533530
50.505051 5.310961 5.087610 5.534313
51.515152 6.246449 5.482504 7.010394
52.525253 9.797870 8.960366 10.635374
53.535354 14.208028 12.993215 15.422842
54.545455 15.535592 14.964822 16.106363
55.555556 16.175909 15.480399 16.871418
56.565657 18.380009 17.290502 19.469516
57.575758 19.421156 18.455374 20.386939
58.585859 19.985340 19.309576 20.661104
59.595960 19.977550 19.303768 20.651332
60.606061 19.975120 19.394465 20.555774
61.616162 19.497074 18.101855 20.892293
62.626263 19.031035 17.393620 20.668449
63.636364 18.917209 17.220542 20.613875
64.646465 18.907398 17.203368 20.611429
65.656566 19.049163 17.492974 20.605353
66.666667 19.547397 18.407317 20.687476
67.676768 19.811169 19.028226 20.594112
68.686869 19.841155 19.073179 20.609131
69.696970 19.670463 18.348502 20.992424
70.707071 19.758016 18.367995 21.148037
71.717172 20.186241 19.133375 21.239107
72.727273 20.311050 19.403812 21.218288
73.737374 20.578204 20.097251 21.059157
74.747475 20.592232 20.130682 21.053781
75.757576 21.892010 18.197003 25.587017
76.767677 20.796553 19.920265 21.672840
77.777778 20.145333 19.832478 20.458189
78.787879 19.424162 18.871679 19.976644
79.797980 17.842640 17.049789 18.635491
80.808081 17.382597 16.129790 18.635404
81.818182 17.165017 16.463757 17.866277
82.828283 16.999028 16.552484 17.445573
83.838384 17.034506 16.631136 17.437876
84.848485 17.110197 16.799499 17.420895
85.858586 17.141358 16.828696 17.454020
86.868687 17.153448 16.849895 17.457001
87.878788 17.157405 16.858150 17.456659
88.888889 17.180612 16.909292 17.451933
89.898990 17.231825 17.000595 17.463055
90.909091 17.260752 17.033663 17.487840
91.919192 17.266601 17.035674 17.497529
92.929293 17.279571 17.033021 17.526120
93.939394 17.296187 17.024908 17.567466
94.949495 17.411194 16.909355 17.913033
95.959596 17.637379 16.585592 18.689167
96.969697 17.600907 16.591097 18.610718
97.979798 17.631336 16.643689 18.618983
98.989899 13.806903 4.929777 22.684029
100.000000 3.446468 0.000000 12.307337
