# time_s density
207.181952 2.85963e-05
207.233293 3.54911248e-05
207.284633 4.39206817e-05
207.335974 5.41949252e-05
207.387315 6.66790346e-05
207.438655 8.180165e-05
207.489996 0.000100064009
207.541337 0.00012205002
207.592677 0.000148437297
207.644018 0.000180009166
207.695359 0.00021766762
207.746699 0.00026244721
207.79804 0.000315529801
207.84938 0.000378260107
207.900721 0.000452161885
207.952062 0.000538954641
208.003402 0.000640570634
208.054743 0.000759171961
208.106084 0.000897167422
208.157424 0.00105722886
208.208765 0.00124230658
208.260106 0.00145564348
208.311446 0.00170078739
208.362787 0.00198160115
208.414127 0.00230226993
208.465468 0.00266730527
208.516809 0.00308154518
208.568149 0.00355014992
208.61949 0.00407859278
208.670831 0.00467264541
208.722171 0.00533835729
208.773512 0.00608202879
208.824853 0.00691017763
208.876193 0.00782949851
208.927534 0.00884681561
208.978874 0.00996902824
209.030215 0.0112030496
209.081556 0.012555739
209.132896 0.0140338282
209.184237 0.015643842
209.235578 0.0173920146
209.286918 0.0192842026
209.338259 0.0213257945
209.3896 0.0235216208
209.44094 0.0258758627
209.492281 0.0283919641
209.543621 0.0310725459
209.594962 0.0339193267
209.646303 0.0369330495
209.697643 0.0401134174
209.748984 0.0434590393
209.800325 0.0469673875
209.851665 0.0506347683
209.903006 0.0544563063
209.954347 0.0584259447
210.005687 0.0625364604
210.057028 0.0667794962
210.108368 0.0711456082
210.159709 0.07562433
210.21105 0.0802042514
210.26239 0.0848731123
210.313731 0.0896179089
210.365072 0.0944250119
210.416412 0.0992802941
210.467753 0.104169266
210.519094 0.109077215
210.570434 0.113989352
210.621775 0.118890951
210.673115 0.123767493
210.724456 0.128604803
210.775797 0.133389177
210.827137 0.138107504
210.878478 0.142747374
210.929819 0.147297169
210.981159 0.151746146
211.0325 0.156084498
211.083841 0.160303396
211.135181 0.164395017
211.186522 0.168352555
211.237862 0.172170204
211.289203 0.175843134
211.340544 0.179367443
211.391884 0.1827401
211.443225 0.185958862
211.494566 0.189022191
211.545906 0.191929156
211.597247 0.194679322
211.648588 0.197272638
211.699928 0.199709324
211.751269 0.20198975
211.802609 0.204114322
211.85395 0.206083368
211.905291 0.207897037
211.956631 0.209555201
212.007972 0.211057367
212.059313 0.212402611
212.110653 0.213589513
212.161994 0.214616122
212.213335 0.215479928
212.264675 0.216177855
212.316016 0.216706277
212.367356 0.217061043
212.418697 0.21723753
212.470038 0.217230712
212.521378 0.217035238
212.572719 0.216645535
212.62406 0.216055924
212.6754 0.215260744
212.726741 0.214254488
212.778082 0.21303195
212.829422 0.211588371
212.880763 0.209919599
212.932104 0.208022233
212.983444 0.205893778
213.034785 0.203532791
213.086125 0.200939008
213.137466 0.198113477
213.188807 0.195058664
213.240147 0.191778549
213.291488 0.188278701
213.342829 0.184566333
213.394169 0.180650343
213.44551 0.176541319
213.496851 0.172251536
213.548191 0.167794918
213.599532 0.163186982
213.650872 0.158444761
213.702213 0.153586701
213.753554 0.148632543
213.804894 0.143603179
213.856235 0.138520499
213.907576 0.133407214
213.958916 0.128286679
214.010257 0.123182694
214.061598 0.1181193
214.112938 0.113120577
214.164279 0.10821043
214.215619 0.103412383
214.26696 0.0987493668
214.318301 0.0942435209
214.369641 0.0899159939
214.420982 0.085786757
214.472323 0.0818744265
214.523663 0.0781960975
214.575004 0.0747671915
214.626345 0.0716013181
214.677685 0.068710151
214.729026 0.0661033214
214.780366 0.063788327
214.831707 0.0617704587
214.883048 0.0600527448
214.934388 0.0586359138
214.985729 0.0575183751
215.03707 0.0566962188
215.08841 0.0561632349
215.139751 0.0559109506
215.191092 0.0559286888
215.242432 0.0562036442
215.293773 0.0567209801
215.345113 0.0574639438
215.396454 0.0584140018
215.447795 0.0595509928
215.499135 0.0608532989
215.550476 0.0622980337
215.601817 0.0638612464
215.653157 0.0655181399
215.704498 0.0672433017
215.755839 0.0690109447
215.807179 0.070795157
215.85852 0.0725701558
215.90986 0.0743105447
215.961201 0.0759915696
216.012542 0.0775893711
216.063882 0.0790812283
216.115223 0.0804457925
216.166564 0.0816633055
216.217904 0.0827158005
216.269245 0.083587281
216.320586 0.0842638764
216.371926 0.08473397
216.423267 0.0849882984
216.474607 0.0850200202
216.525948 0.0848247529
216.577289 0.0844005765
216.628629 0.0837480055
216.67997 0.0828699286
216.731311 0.081771517
216.782651 0.0804601044
216.833992 0.0789450397
216.885333 0.0772375158
216.936673 0.0753503775
216.988014 0.0732979124
217.039354 0.0710956278
217.090695 0.0687600187
217.142036 0.0663083299
217.193376 0.0637583173
217.244717 0.0611280117
217.296058 0.0584354887
217.347398 0.055698649
217.398739 0.0529350124
217.45008 0.0501615265
217.50142 0.0473943953
217.552761 0.0446489271
217.604101 0.0419394046
217.655442 0.0392789775
217.706783 0.0366795784
217.758123 0.0341518616
217.809464 0.031705164
217.860805 0.0293474885
217.912145 0.0270855075
217.963486 0.0249245843
218.014827 0.0228688131
218.066167 0.0209210727
218.117508 0.0190830938
218.168848 0.0173555362
218.220189 0.0157380756
218.27153 0.014229495
218.32287 0.0128277817
218.374211 0.0115302254
218.425552 0.0103335171
218.476892 0.00923384575
218.528233 0.00822699307
218.579574 0.00730842314
218.630914 0.00647336736
218.682255 0.00571690298
218.733595 0.00503402508
218.784936 0.00441971128
218.836277 0.00386897912
218.887617 0.00337693596
218.938958 0.0029388215
218.990299 0.00255004316
219.041639 0.0022062046
219.09298 0.00190312787
219.144321 0.00163686958
219.195661 0.00140373171
219.247002 0.00120026753
219.298342 0.00102328339
219.349683 0.000869836655
219.401024 0.000737230677
219.452364 0.00062300711
219.503705 0.000524936194
219.555046 0.000441005436
219.606386 0.000369407132
219.657727 0.000308525111
219.709068 0.000256921036
219.760408 0.000213320562
219.811749 0.000176599586
219.863089 0.000145770803
219.91443 0.000119970735
219.965771 9.84473425e-05
220.017111 8.05483373e-05
220.068452 6.57102421e-05
220.119793 5.34482463e-05
220.171133 4.33468713e-05
220.222474 3.50514476e-05
220.273815 2.82603843e-05
