# time_s density
1644.93224 2.74646852e-06
1645.41753 3.34763501e-06
1645.90282 4.07028578e-06
1646.38811 4.93668077e-06
1646.8734 5.97267029e-06
1647.35869 7.20817647e-06
1647.84398 8.67772078e-06
1648.32927 1.04209988e-05
1648.81456 1.24835027e-05
1649.29985 1.49171904e-05
1649.78514 1.77812014e-05
1650.27043 2.11426146e-05
1650.75572 2.50772463e-05
1651.24101 2.96704819e-05
1651.7263 3.5018134e-05
1652.21159 4.12273192e-05
1652.69688 4.84173416e-05
1653.18217 5.67205713e-05
1653.66746 6.62833014e-05
1654.15275 7.72665676e-05
1654.63804 8.98469102e-05
1655.12333 0.000104217057
1655.60862 0.000120586501
1656.09391 0.000139181956
1656.57919 0.000160247643
1657.06448 0.000184045408
1657.54977 0.000210854607
1658.03506 0.000240971763
1658.52035 0.00027470993
1659.00564 0.000312397768
1659.49093 0.000354378272
1659.97622 0.000401007151
1660.46151 0.00045265082
1660.9468 0.000509683997
1661.43209 0.000572486884
1661.91738 0.000641441935
1662.40267 0.000716930196
1662.88796 0.00079932724
1663.37325 0.000888998709
1663.85854 0.000986295479
1664.34383 0.0010915485
1664.82912 0.00120506336
1665.31441 0.00132711461
1665.7997 0.0014579399
1666.28499 0.00159773411
1666.77028 0.00174664345
1667.25557 0.0019047596
1667.74086 0.0020721142
1668.22614 0.00224867352
1668.71143 0.0024343337
1669.19672 0.00262891643
1669.68201 0.00283216539
1670.1673 0.00304374345
1670.65259 0.0032632308
1671.13788 0.00349012408
1671.62317 0.00372383661
1672.10846 0.00396369983
1672.59375 0.00420896596
1673.07904 0.00445881203
1673.56433 0.00471234515
1674.04962 0.00496860919
1674.53491 0.00522659268
1675.0202 0.00548523806
1675.50549 0.00574345207
1675.99078 0.0060001172
1676.47607 0.00625410414
1676.96136 0.00650428501
1677.44665 0.00674954721
1677.93194 0.00698880775
1678.41723 0.00722102772
1678.90252 0.00744522679
1679.38781 0.00766049749
1679.87309 0.00786601892
1680.35838 0.00806106981
1680.84367 0.0082450405
1681.32896 0.00841744379
1681.81425 0.00857792434
1682.29954 0.0087262664
1682.78483 0.0088623998
1683.27012 0.00898640394
1683.75541 0.00909850977
1684.2407 0.0091990996
1684.72599 0.00928870474
1685.21128 0.00936800096
1685.69657 0.00943780181
1686.18186 0.00949904989
1686.66715 0.00955280621
1687.15244 0.00960023765
1687.63773 0.00964260297
1688.12302 0.00968123736
1688.60831 0.00971753584
1689.0936 0.00975293589
1689.57889 0.00978889943
1690.06418 0.00982689449
1690.54947 0.00986837704
1691.03476 0.00991477294
1691.52004 0.00996746064
1692.00533 0.0100277546
1692.49062 0.0100968902
1692.97591 0.0101760094
1693.4612 0.0102661483
1693.94649 0.0103682267
1694.43178 0.0104830391
1694.91707 0.0106112476
1695.40236 0.010753377
1695.88765 0.0109098119
1696.37294 0.0110807957
1696.85823 0.0112664313
1697.34352 0.0114666843
1697.82881 0.0116813868
1698.3141 0.0119102436
1698.79939 0.0121528397
1699.28468 0.0124086479
1699.76997 0.0126770386
1700.25526 0.0129572899
1700.74055 0.0132485974
1701.22584 0.0135500853
1701.71113 0.0138608166
1702.19642 0.0141798043
1702.68171 0.0145060207
1703.16699 0.0148384075
1703.65228 0.0151758845
1704.13757 0.0155173578
1704.62286 0.0158617271
1705.10815 0.016207892
1705.59344 0.0165547573
1706.07873 0.0169012377
1706.56402 0.0172462611
1707.04931 0.0175887713
1707.5346 0.01792773
1708.01989 0.0182621176
1708.50518 0.0185909339
1708.99047 0.0189131978
1709.47576 0.0192279474
1709.96105 0.0195342386
1710.44634 0.019831145
1710.93163 0.0201177562
1711.41692 0.0203931776
1711.90221 0.0206565298
1712.3875 0.0209069475
1712.87279 0.0211435803
1713.35808 0.0213655928
1713.84337 0.0215721651
1714.32866 0.0217624949
1714.81394 0.0219357982
1715.29923 0.0220913128
1715.78452 0.0222283001
1716.26981 0.022346049
1716.7551 0.0224438791
1717.24039 0.0225211451
1717.72568 0.0225772408
1718.21097 0.0226116038
1718.69626 0.0226237201
1719.18155 0.022613129
1719.66684 0.0225794281
1720.15213 0.0225222777
1720.63742 0.0224414058
1721.12271 0.0223366123
1721.608 0.0222077734
1722.09329 0.0220548452
1722.57858 0.0218778675
1723.06387 0.0216769663
1723.54916 0.021452357
1724.03445 0.0212043454
1724.51974 0.0209333298
1725.00503 0.0206398017
1725.49032 0.020324345
1725.97561 0.0199876365
1726.46089 0.0196304435
1726.94618 0.0192536226
1727.43147 0.018858116
1727.91676 0.0184449486
1728.40205 0.0180152235
1728.88734 0.0175701171
1729.37263 0.017110873
1729.85792 0.0166387964
1730.34321 0.0161552464
1730.8285 0.0156616291
1731.31379 0.0151593893
1731.79908 0.0146500021
1732.28437 0.0141349639
1732.76966 0.0136157836
1733.25495 0.0130939733
1733.74024 0.0125710386
1734.22553 0.0120484695
1734.71082 0.0115277307
1735.19611 0.0110102531
1735.6814 0.0104974244
1736.16669 0.00999058088
1736.65198 0.00949099949
1737.13727 0.00899989046
1737.62256 0.00851839057
1738.10784 0.00804755721
1738.59313 0.00758836313
1739.07842 0.00714169222
1739.56371 0.00670833593
1740.049 0.00628899084
1740.53429 0.00588425698
1741.01958 0.00549463718
1741.50487 0.00512053726
1741.99016 0.00476226717
1742.47545 0.0044200429
1742.96074 0.00409398925
1743.44603 0.00378414332
1743.93132 0.00349045861
1744.41661 0.00321280979
1744.9019 0.00295099793
1745.38719 0.00270475616
1745.87248 0.00247375564
1746.35777 0.00225761184
1746.84306 0.00205589091
1747.32835 0.00186811614
1747.81364 0.00169377443
1748.29893 0.00153232266
1748.78422 0.00138319385
1749.26951 0.00124580321
1749.75479 0.00111955382
1750.24008 0.001003842
1750.72537 0.000898062333
1751.21066 0.000801612287
1751.69595 0.000713896404
1752.18124 0.00063433006
1752.66653 0.00056234278
1753.15182 0.000497381112
1753.63711 0.000438911055
1754.1224 0.000386420071
1754.60769 0.000339418679
1755.09298 0.000297441671
1755.57827 0.000260048955
1756.06356 0.000226826071
1756.54885 0.000197384396
1757.03414 0.000171361082
1757.51943 0.000148418742
1758.00472 0.000128244929
1758.49001 0.000110551436
1758.9753 9.50734446e-05
1759.46059 8.15685464e-05
1759.94588 6.98156775e-05
1760.43117 5.96139768e-05
1760.91646 5.07815997e-05
1761.40174 4.31545031e-05
1761.88703 3.65852231e-05
1762.37232 3.09416587e-05
1762.85761 2.6105877e-05
1763.3429 2.19729505e-05
1763.82819 1.84498355e-05
1764.31348 1.54543003e-05
1764.79877 1.29139077e-05
1765.28406 1.07650559e-05
1765.76935 8.95208174e-06
1766.25464 7.42642551e-06
1766.73993 6.14585925e-06
1767.22522 5.07377699e-06
1767.71051 4.17854573e-06
1768.1958 3.43291493e-06
1768.68109 2.81348198e-06
