# time_s density
190.797692 1.99820323e-05
190.866025 2.38186906e-05
190.934359 2.83396291e-05
191.002693 3.3656485e-05
191.071027 3.98971563e-05
191.139361 4.72078247e-05
191.207695 5.57551746e-05
191.276029 6.57288143e-05
191.344363 7.73439116e-05
191.412697 9.08440477e-05
191.48103 0.000106504297
191.549364 0.000124634535
191.617698 0.000145582975
191.686032 0.000169739931
191.754366 0.000197541804
191.8227 0.000229475277
191.891034 0.000266081707
191.959368 0.000307961699
192.027701 0.000355779827
192.096035 0.000410269485
192.164369 0.000472237821
192.232703 0.000542570713
192.301037 0.000622237741
192.369371 0.00071229709
192.437705 0.000813900321
192.506039 0.000928296944
192.574372 0.0010568387
192.642706 0.00120098348
192.71104 0.00136229874
192.779374 0.00154246442
192.847708 0.00174327511
192.916042 0.00196664147
192.984376 0.00221459072
193.05271 0.00248926616
193.121044 0.00279292544
193.189377 0.00312793773
193.257711 0.00349677933
193.326045 0.00390202798
193.394379 0.00434635538
193.462713 0.00483251826
193.531047 0.00536334744
193.599381 0.00594173527
193.667715 0.00657062106
193.736048 0.00725297466
193.804382 0.00799177814
193.872716 0.00879000552
193.94105 0.00965060075
194.009384 0.0105764538
194.077718 0.0115703754
194.146052 0.0126350697
194.214386 0.0137731063
194.28272 0.0149868908
194.351053 0.0162786341
194.419387 0.0176503222
194.487721 0.0191036845
194.556055 0.0206401632
194.624389 0.0222608821
194.692723 0.0239666176
194.761057 0.0257577693
194.829391 0.0276343339
194.897724 0.0295958802
194.966058 0.0316415269
195.034392 0.0337699232
195.102726 0.0359792337
195.17106 0.0382671261
195.239394 0.0406307632
195.307728 0.0430668006
195.376062 0.0455713873
195.444396 0.0481401738
195.512729 0.050768323
195.581063 0.0534505287
195.649397 0.0561810383
195.717731 0.0589536816
195.786065 0.0617619044
195.854399 0.0645988085
195.922733 0.0674571954
195.991067 0.0703296156
196.0594 0.0732084217
196.127734 0.0760858254
196.196068 0.078953958
196.264402 0.0818049328
196.332736 0.0846309102
196.40107 0.0874241634
196.469404 0.0901771446
196.537738 0.0928825507
196.606071 0.0955333878
196.674405 0.0981230334
196.742739 0.100645296
196.811073 0.10309447
196.879407 0.105465386
196.947741 0.10775346
197.016075 0.109954726
197.084409 0.112065875
197.152743 0.114084278
197.221076 0.116008002
197.28941 0.117835826
197.357744 0.119567234
197.426078 0.121202417
197.494412 0.122742251
197.562746 0.124188279
197.63108 0.125542676
197.699414 0.126808213
197.767747 0.12798821
197.836081 0.129086484
197.904415 0.130107289
197.972749 0.131055253
198.041083 0.131935311
198.109417 0.132752636
198.177751 0.133512557
198.246085 0.134220493
198.314419 0.134881869
198.382752 0.135502049
198.451086 0.136086252
198.51942 0.136639489
198.587754 0.137166489
198.656088 0.137671635
198.724422 0.138158911
198.792756 0.138631838
198.86109 0.139093436
198.929423 0.139546178
198.997757 0.139991959
199.066091 0.14043207
199.134425 0.14086718
199.202759 0.141297326
199.271093 0.141721912
199.339427 0.142139716
199.407761 0.1425489
199.476095 0.142947035
199.544428 0.143331129
199.612762 0.143697659
199.681096 0.144042614
199.74943 0.144361541
199.817764 0.144649596
199.886098 0.144901598
199.954432 0.14511209
200.022766 0.1452754
200.091099 0.145385702
200.159433 0.145437082
200.227767 0.145423605
200.296101 0.145339377
200.364435 0.145178611
200.432769 0.144935688
200.501103 0.144605217
200.569437 0.144182096
200.637771 0.143661562
200.706104 0.143039244
200.774438 0.142311208
200.842772 0.141474003
200.911106 0.140524691
200.97944 0.139460884
201.047774 0.138280772
201.116108 0.136983139
201.184442 0.135567385
201.252775 0.134033531
201.321109 0.132382228
201.389443 0.130614755
201.457777 0.128733011
201.526111 0.12673951
201.594445 0.124637356
201.662779 0.122430233
201.731113 0.12012237
201.799446 0.11771852
201.86778 0.115223923
201.936114 0.112644267
202.004448 0.109985655
202.072782 0.107254559
202.141116 0.104457774
202.20945 0.101602378
202.277784 0.0986956752
202.346118 0.095745157
202.414451 0.0927584462
202.482785 0.0897432505
202.551119 0.0867073133
202.619453 0.083658365
202.687787 0.0806040764
202.756121 0.0775520131
202.824455 0.0745095913
202.892789 0.0714840369
202.961122 0.0684823459
203.029456 0.0655112484
203.09779 0.0625771751
203.166124 0.0596862274
203.234458 0.0568441506
203.302792 0.0540563103
203.371126 0.0513276734
203.43946 0.0486627917
203.507794 0.0460657896
203.576127 0.0435403555
203.644461 0.041089737
203.712795 0.0387167387
203.781129 0.0364237248
203.849463 0.0342126235
203.917797 0.0320849356
203.986131 0.030041745
204.054465 0.0280837326
204.122798 0.0262111921
204.191132 0.024424048
204.259466 0.0227218758
204.3278 0.0211039229
204.396134 0.0195691318
204.464468 0.018116164
204.532802 0.016743424
204.601136 0.0154490847
204.66947 0.0142311124
204.737803 0.0130872923
204.806137 0.012015253
204.874471 0.0110124912
204.942805 0.0100763955
205.011139 0.00920426924
205.079473 0.0083933526
205.147807 0.00764084335
205.216141 0.00694391645
205.284474 0.00629974238
205.352808 0.005705504
205.421142 0.00515841199
205.489476 0.00465571884
205.55781 0.00419473137
205.626144 0.00377282171
205.694478 0.00338743692
205.762812 0.00303610715
205.831145 0.00271645245
205.899479 0.00242618823
205.967813 0.00216312958
206.036147 0.00192519434
206.104481 0.00171040515
206.172815 0.00151689047
206.241149 0.0013428847
206.309483 0.00118672755
206.377817 0.00104686258
206.44615 0.000921835179
206.514484 0.000810289988
206.582818 0.000710967812
206.651152 0.000622702191
206.719486 0.000544415638
206.78782 0.000475115637
206.856154 0.000413890461
206.924488 0.000359904877
206.992821 0.000312395783
207.061155 0.000270667826
207.129489 0.000234089056
207.197823 0.000202086627
207.266157 0.00017414261
207.334491 0.000149789919
207.402825 0.000128608376
207.471159 0.000110220954
207.539493 9.42901764e-05
207.607826 8.05147149e-05
207.67616 6.86261732e-05
207.744494 5.83860672e-05
207.812828 4.95830014e-05
207.881162 4.20300402e-05
207.949496 3.55622702e-05
208.01783 3.00345499e-05
208.086164 2.53194388e-05
208.154497 2.13053003e-05
208.222831 1.78945689e-05
