# fraction_pct mean ci_low ci_high
0.000000 0.000000 0.000000 0.000000
1.010101 0.000000 0.000000 0.000000
2.020202 0.000000 0.000000 0.000000
3.030303 0.000000 0.000000 0.000000
4.040404 0.000000 0.000000 0.000000
5.050505 0.000000 0.000000 0.000000
6.060606 0.000000 0.000000 0.000000
7.070707 0.000000 0.000000 0.000000
8.080808 0.000000 0.000000 0.000000
9.090909 0.000000 0.000000 0.000000
10.101010 0.000000 0.000000 0.000000
11.111111 0.000000 0.000000 0.000000
12.121212 0.000000 0.000000 0.000000
13.131313 0.000000 0.000000 0.000000
14.141414 0.000000 0.000000 0.000000
15.151515 0.000000 0.000000 0.000000
16.161616 0.000000 0.000000 0.000000
17.171717 0.000000 0.000000 0.000000
18.181818 0.000000 0.000000 0.000000
19.191919 0.000000 0.000000 0.000000
20.202020 0.000000 0.000000 0.000000
21.212121 0.000000 0.000000 0.000000
22.222222 0.096746 0.000000 0.253619
23.232323 0.333669 0.150341 0.516997
24.242424 0.528140 0.359247 0.697032
25.252525 1.617414 0.887664 2.347165
26.262626 3.023714 2.674209 3.373218
27.272727 4.716134 3.055119 6.377148
28.282828 5.545078 3.368847 7.721309
29.292929 5.884610 3.674401 8.094819
30.303030 5.954711 3.779840 8.129582
31.313131 6.063532 3.886900 8.240165
32.323232 6.132363 3.937404 8.327323
33.333333 6.221602 4.026236 8.416967
34.343434 6.295081 4.096587 8.493575
35.353535 6.375393 4.177745 8.573042
36.363636 6.424425 4.229423 8.619428
37.373737 6.469423 4.278771 8.660076
38.383838 6.516837 4.315478 8.718197
39.393939 6.602025 4.395544 8.808507
40.404040 6.510967 4.494640 8.527294
41.414141 6.566184 4.524999 8.607368
42.424242 6.676081 4.559541 8.792621
43.434343 6.761149 4.581699 8.940600
44.444444 6.835738 4.618688 9.052788
45.454545 6.890515 4.637236 9.143793
46.464646 6.863546 4.693799 9.033293
47.474747 6.908840 5.006184 8.811496
48.484848 6.945017 5.005376 8.884659
49.494949 6.986010 5.004692 8.967329
50.505051 7.010664 5.024064 8.997264
51.515152 6.973129 4.964549 8.981708
52.525253 6.917704 4.917728 8.917681
53.535354 6.974428 4.933137 9.015718
54.545455 7.006436 4.961516 9.051355
55.555556 7.037865 5.241323 8.834406
56.565657 6.445389 5.095302 7.795476
57.575758 6.078908 4.711373 7.446443
58.585859 6.208103 4.875632 7.540574
59.595960 6.074727 4.444958 7.704497
60.606061 6.179659 4.567457 7.791862
61.616162 6.184113 4.595199 7.773027
62.626263 6.117598 4.263819 7.971377
63.636364 6.227675 4.291632 8.163718
64.646465 6.294100 4.319830 8.268370
65.656566 6.356255 4.328363 8.384147
66.666667 6.426308 4.415976 8.436640
67.676768 6.268623 3.976401 8.560844
68.686869 6.223083 3.960538 8.485628
69.696970 6.142572 3.932113 8.353031
70.707071 5.997474 3.824719 8.170229
71.717172 6.041868 3.843018 8.240717
72.727273 6.079522 3.867267 8.291778
73.737374 6.054573 3.951269 8.157878
74.747475 6.024442 3.975486 8.073398
75.757576 5.900165 3.865089 7.935241
76.767677 5.923047 3.826976 8.019118
77.777778 5.980384 3.865643 8.095125
78.787879 5.951418 3.759751 8.143086
79.797980 5.908766 3.654171 8.163361
80.808081 5.969493 3.704996 8.233990
81.818182 5.826161 3.619354 8.032968
82.828283 5.798943 3.434394 8.163492
83.838384 5.432063 3.391179 7.472947
84.848485 5.203178 3.290397 7.115960
85.858586 5.028457 3.068705 6.988210
86.868687 4.892216 3.084235 6.700196
87.878788 4.919924 3.047655 6.792192
88.888889 4.853414 3.240068 6.466759
89.898990 4.736054 3.424440 6.047667
90.909091 4.367407 4.003579 4.731236
91.919192 4.316546 4.083478 4.549613
92.929293 4.196584 4.123746 4.269421
93.939394 4.224935 4.222956 4.226915
94.949495 4.074359 3.689864 4.458853
95.959596 2.241313 0.000000 4.585830
96.969697 0.209842 0.059447 0.360236
97.979798 0.020823 0.020823 0.020823
98.989899 0.020823 0.020823 0.020823
100.000000 0.020823 0.020823 0.020823
