# fraction_pct mean ci_low ci_high
0.000000 0.002554 0.002409 0.002700
1.010101 1.092638 1.041734 1.143541
2.020202 2.159516 2.066957 2.252076
3.030303 3.226836 3.089358 3.364314
4.040404 4.286371 4.110461 4.462281
5.050505 5.353772 5.146103 5.561441
6.060606 6.421124 6.167653 6.674594
7.070707 7.437152 7.179653 7.694651
8.080808 8.139854 7.958015 8.321694
9.090909 8.629775 8.468622 8.790928
10.101010 8.961185 8.806063 9.116308
11.111111 9.105913 9.019374 9.192452
12.121212 9.238329 9.153956 9.322702
13.131313 9.417626 9.317398 9.517855
14.141414 9.620494 9.503322 9.737666
15.151515 9.840505 9.713761 9.967248
16.161616 10.074086 9.931265 10.216908
17.171717 10.318959 10.164301 10.473618
18.181818 10.598292 10.483919 10.712665
19.191919 10.834002 10.722525 10.945480
20.202020 11.118211 11.016160 11.220261
21.212121 11.406309 11.302363 11.510255
22.222222 11.680890 11.601659 11.760121
23.232323 11.937848 11.862785 12.012910
24.242424 12.199930 12.119855 12.280006
25.252525 12.296745 12.235080 12.358411
26.262626 12.297147 12.235811 12.358482
27.272727 12.301710 12.242485 12.360934
28.282828 12.310557 12.250055 12.371058
29.292929 12.313987 12.251822 12.376152
30.303030 12.314547 12.252527 12.376567
31.313131 12.315477 12.252540 12.378414
32.323232 12.316305 12.253099 12.379511
33.333333 12.316978 12.252812 12.381144
34.343434 12.317434 12.253193 12.381674
35.353535 12.317860 12.253260 12.382459
36.363636 12.318006 12.253351 12.382661
37.373737 12.318376 12.253646 12.383105
38.383838 12.318384 12.253649 12.383118
39.393939 12.318871 12.253594 12.384149
40.404040 12.320048 12.254862 12.385234
41.414141 12.320311 12.255056 12.385566
42.424242 12.322032 12.255993 12.388070
43.434343 12.322511 12.256289 12.388733
44.444444 12.324178 12.256122 12.392235
45.454545 12.325292 12.257374 12.393211
46.464646 12.326731 12.257116 12.396346
47.474747 12.328333 12.259308 12.397359
48.484848 12.329173 12.259335 12.399010
49.494949 12.329622 12.259718 12.399527
50.505051 12.329808 12.259798 12.399818
51.515152 12.330315 12.260278 12.400351
52.525253 12.330555 12.260376 12.400735
53.535354 12.330895 12.260612 12.401179
54.545455 12.331387 12.260992 12.401781
55.555556 12.333046 12.261624 12.404469
56.565657 12.333987 12.263171 12.404803
57.575758 12.336104 12.266133 12.406075
58.585859 12.337451 12.267400 12.407502
59.595960 12.338172 12.268489 12.407855
60.606061 12.338438 12.269218 12.407657
61.616162 12.339642 12.270291 12.408994
62.626263 12.341954 12.273126 12.410782
63.636364 12.343137 12.274137 12.412138
64.646465 12.343508 12.275061 12.411955
65.656566 12.343769 12.275347 12.412191
66.666667 12.345319 12.276861 12.413776
67.676768 12.346290 12.278186 12.414394
68.686869 12.346549 12.278152 12.414945
69.696970 12.346769 12.278619 12.414919
70.707071 12.346886 12.278813 12.414959
71.717172 12.347469 12.279020 12.415917
72.727273 12.348927 12.280277 12.417578
73.737374 12.349700 12.279951 12.419449
74.747475 12.353148 12.284021 12.422274
75.757576 12.353452 12.284410 12.422494
76.767677 12.353812 12.284868 12.422756
77.777778 12.354373 12.285655 12.423091
78.787879 12.355182 12.285788 12.424576
79.797980 12.355365 12.285980 12.424751
80.808081 12.355781 12.287283 12.424279
81.818182 12.357529 12.288835 12.426224
82.828283 12.358480 12.290179 12.426782
83.838384 12.359610 12.291038 12.428182
84.848485 12.360413 12.291455 12.429371
85.858586 12.363739 12.294824 12.432655
86.868687 12.367318 12.296885 12.437752
87.878788 12.369747 12.297702 12.441792
88.888889 12.372006 12.298186 12.445825
89.898990 12.375167 12.301117 12.449217
90.909091 12.375442 12.300989 12.449896
91.919192 12.375640 12.301079 12.450201
92.929293 12.377061 12.301425 12.452696
93.939394 12.383286 12.317345 12.449227
94.949495 12.389859 12.326925 12.452793
95.959596 12.392596 12.327398 12.457794
96.969697 12.393323 12.327565 12.459082
97.979798 0.000000 0.000000 0.000000
98.989899 0.000000 0.000000 0.000000
100.000000 0.000000 0.000000 0.000000
