# time_s density
22.9019068 6.11761282e-05
22.9253343 7.56791257e-05
22.9487617 9.33523148e-05
22.9721891 0.000114823014
22.9956165 0.000140827562
23.0190439 0.000172227003
23.0424713 0.000210024373
23.0658987 0.000255383609
23.0893262 0.000309650091
23.1127536 0.00037437279
23.136181 0.000451327931
23.1596084 0.000542544071
23.1830358 0.000650328382
23.2064632 0.000777293925
23.2298906 0.00092638757
23.2533181 0.00110091819
23.2767455 0.00130458465
23.3001729 0.001541503
23.3236003 0.00181623223
23.3470277 0.0021337979
23.3704551 0.0024997127
23.3938825 0.0029199931
23.41731 0.00340117108
23.4407374 0.00395029985
23.4641648 0.00457495253
23.4875922 0.00528321252
23.5110196 0.0060836545
23.534447 0.006985315
23.5578744 0.00799765122
23.5813019 0.00913048742
23.6047293 0.0103939478
23.6281567 0.011798375
23.6515841 0.0133542344
23.6750115 0.0150720031
23.6984389 0.0169620441
23.7218663 0.0190344657
23.7452938 0.0212989676
23.7687212 0.0237646739
23.7921486 0.0264399543
23.815576 0.0293322369
23.8390034 0.0324478138
23.8624308 0.0357916414
23.8858582 0.0393671413
23.9092857 0.0431760026
23.9327131 0.0472179909
23.9561405 0.0514907674
23.9795679 0.0559897239
24.0029953 0.0607078358
24.0264227 0.0656355399
24.0498501 0.0707606394
24.0732776 0.0760682424
24.096705 0.0815407352
24.1201324 0.0871577966
24.1435598 0.0928964536
24.1669872 0.0987311828
24.1904146 0.104634058
24.213842 0.110574942
24.2372695 0.116521732
24.2606969 0.122440642
24.2841243 0.128296535
24.3075517 0.134053289
24.3309791 0.139674209
24.3544065 0.145122457
24.3778339 0.150361515
24.4012614 0.155355667
24.4246888 0.160070483
24.4481162 0.164473315
24.4715436 0.168533784
24.494971 0.172224247
24.5183984 0.175520252
24.5418258 0.178400952
24.5652533 0.180849486
24.5886807 0.182853312
24.6121081 0.184404485
24.6355355 0.18549988
24.6589629 0.186141345
24.6823903 0.186335793
24.7058177 0.186095222
24.7292451 0.185436659
24.7526726 0.184382039
24.7761 0.182958011
24.7995274 0.181195679
24.8229548 0.179130273
24.8463822 0.176800772
24.8698096 0.174249465
24.893237 0.171521471
24.9166645 0.168664217
24.9400919 0.165726893
24.9635193 0.162759877
24.9869467 0.159814153
25.0103741 0.156940724
25.0338015 0.154190029
25.0572289 0.151611378
25.0806564 0.149252402
25.1040838 0.147158542
25.1275112 0.145372568
25.1509386 0.143934145
25.174366 0.14287945
25.1977934 0.142240837
25.2212208 0.142046569
25.2446483 0.142320602
25.2680757 0.143082435
25.2915031 0.144347024
25.3149305 0.146124757
25.3383579 0.148421493
25.3617853 0.151238653
25.3852127 0.154573377
25.4086402 0.158418721
25.4320676 0.162763913
25.455495 0.167594639
25.4789224 0.172893365
25.5023498 0.178639696
25.5257772 0.18481074
25.5492046 0.191381497
25.5726321 0.19832525
25.5960595 0.205613945
25.6194869 0.213218575
25.6429143 0.221109535
25.6663417 0.229256959
25.6897691 0.237631024
25.7131965 0.246202223
25.736624 0.254941597
25.7600514 0.263820919
25.7834788 0.272812846
25.8069062 0.281891012
25.8303336 0.291030084
25.853761 0.300205775
25.8771884 0.309394808
25.9006159 0.318574852
25.9240433 0.32772442
25.9474707 0.336822742
25.9708981 0.345849616
25.9943255 0.354785249
26.0177529 0.363610087
26.0411803 0.372304647
26.0646078 0.380849359
26.0880352 0.389224424
26.1114626 0.397409687
26.13489 0.405384544
26.1583174 0.413127874
26.1817448 0.420618009
26.2051722 0.427832744
26.2285997 0.434749376
26.2520271 0.441344793
26.2754545 0.447595587
26.2988819 0.453478212
26.3223093 0.458969165
26.3457367 0.464045192
26.3691641 0.468683522
26.3925916 0.4728621
26.416019 0.476559844
26.4394464 0.479756888
26.4628738 0.482434828
26.4863012 0.48457695
26.5097286 0.486168444
26.533156 0.487196591
26.5565835 0.487650923
26.5800109 0.487523355
26.6034383 0.48680828
26.6268657 0.48550263
26.6502931 0.483605905
26.6737205 0.481120165
26.6971479 0.478049992
26.7205754 0.474402422
26.7440028 0.470186855
26.7674302 0.465414937
26.7908576 0.460100428
26.814285 0.454259061
26.8377124 0.447908386
26.8611398 0.441067613
26.8845673 0.433757456
26.9079947 0.425999981
26.9314221 0.417818458
26.9548495 0.409237223
26.9782769 0.400281552
27.0017043 0.390977541
27.0251317 0.381352005
27.0485592 0.371432378
27.0719866 0.361246634
27.095414 0.3508232
27.1188414 0.34019089
27.1422688 0.329378835
27.1656962 0.318416409
27.1891236 0.307333163
27.212551 0.296158748
27.2359785 0.284922834
27.2594059 0.27365502
27.2828333 0.262384741
27.3062607 0.251141154
27.3296881 0.239953025
27.3531155 0.228848602
27.3765429 0.217855481
27.3999704 0.207000464
27.4233978 0.196309412
27.4468252 0.185807102
27.4702526 0.175517074
27.49368 0.165461489
27.5171074 0.155660996
27.5405348 0.146134594
27.5639623 0.136899526
27.5873897 0.127971171
27.6108171 0.119362965
27.6342445 0.111086331
27.6576719 0.103150641
27.6810993 0.0955631872
27.7045267 0.0883291888
27.7279542 0.0814518091
27.7513816 0.0749322024
27.774809 0.0687695787
27.7982364 0.0629612884
27.8216638 0.0575029255
27.8450912 0.052388446
27.8685186 0.0476102998
27.8919461 0.0431595735
27.9153735 0.0390261423
27.9388009 0.0351988261
27.9622283 0.0316655498
27.9856557 0.0284135037
28.0090831 0.0254293011
28.0325105 0.0226991331
28.055938 0.0202089154
28.0793654 0.017944429
28.1027928 0.0158914493
28.1262202 0.0140358667
28.1496476 0.0123637937
28.173075 0.0108616613
28.1965024 0.00951630217
28.2199299 0.0083150215
28.2433573 0.00724565545
28.2667847 0.00629661764
28.2902121 0.0054569342
28.3136395 0.00471626804
28.3370669 0.00406493329
28.3604943 0.00349390057
28.3839218 0.00299479438
28.4073492 0.00255988327
28.4307766 0.00218206406
28.454204 0.00185484084
28.4776314 0.00157229997
28.5010588 0.0013290817
28.5244862 0.00112034944
28.5479137 0.000941757384
28.5713411 0.000789417112
28.5947685 0.000659863912
28.6181959 0.000550023219
28.6416233 0.000457177694
28.6650507 0.000378935288
28.6884781 0.000313198594
28.7119056 0.000258135714
28.735333 0.000212152815
28.7587604 0.000173868481
28.7821878 0.000142089925
28.8056152 0.00011579109
28.8290426 9.40926176e-05
28.85247 7.62436523e-05
28.8758975 6.16054012e-05
