# fraction_pct mean ci_low ci_high
0.000000 0.000000 0.000000 0.000000
1.010101 0.000000 0.000000 0.000000
2.020202 0.000000 0.000000 0.000000
3.030303 0.000000 0.000000 0.000000
4.040404 0.000000 0.000000 0.000000
5.050505 0.261526 0.215582 0.307470
6.060606 0.348293 0.338818 0.357767
7.070707 0.378160 0.378160 0.378160
8.080808 0.378249 0.378021 0.378477
9.090909 0.408574 0.376652 0.440496
10.101010 0.427088 0.422560 0.431617
11.111111 0.457536 0.412372 0.502699
12.121212 0.457536 0.412372 0.502699
13.131313 0.457536 0.412372 0.502699
14.141414 0.471879 0.426715 0.517042
15.151515 0.479679 0.443174 0.516184
16.161616 0.501758 0.440998 0.562518
17.171717 0.530786 0.482195 0.579378
18.181818 0.561775 0.521201 0.602349
19.191919 0.562709 0.522766 0.602652
20.202020 0.578253 0.515081 0.641424
21.212121 0.609310 0.507498 0.711123
22.222222 0.702338 0.582833 0.821843
23.232323 0.733159 0.566786 0.899532
24.242424 0.733159 0.566786 0.899532
25.252525 0.755470 0.576370 0.934569
26.262626 0.782640 0.590949 0.974332
27.272727 0.794792 0.602499 0.987086
28.282828 0.794792 0.602499 0.987086
29.292929 0.794792 0.602499 0.987086
30.303030 0.810238 0.622019 0.998457
31.313131 0.810238 0.622019 0.998457
32.323232 0.810238 0.622019 0.998457
33.333333 0.817943 0.644994 0.990892
34.343434 0.826979 0.653092 1.000866
35.353535 0.837736 0.665120 1.010352
36.363636 0.856637 0.708341 1.004933
37.373737 0.871911 0.701705 1.042117
38.383838 0.894194 0.709709 1.078678
39.393939 0.928251 0.728858 1.127643
40.404040 0.948536 0.779156 1.117915
41.414141 0.963981 0.825089 1.102873
42.424242 0.998818 0.840595 1.157040
43.434343 1.025086 0.895445 1.154727
44.444444 1.040389 0.933563 1.147215
45.454545 1.040389 0.933563 1.147215
46.464646 1.065153 0.969028 1.161278
47.474747 1.070786 0.971399 1.170174
48.484848 1.070786 0.971399 1.170174
49.494949 1.075897 0.978212 1.173581
50.505051 1.085910 0.986484 1.185337
51.515152 1.116302 1.029373 1.203232
52.525253 1.116302 1.029373 1.203232
53.535354 1.116302 1.029373 1.203232
54.545455 1.142372 1.055380 1.229365
55.555556 1.191553 1.105144 1.277961
56.565657 1.224643 1.143969 1.305316
57.575758 1.251502 1.156978 1.346025
58.585859 1.266620 1.205869 1.327371
59.595960 1.311264 1.213646 1.408881
60.606061 1.338152 1.217164 1.459139
61.616162 1.338152 1.217164 1.459139
62.626263 1.338152 1.217164 1.459139
63.636364 1.352902 1.225497 1.480307
64.646465 1.352902 1.225497 1.480307
65.656566 1.367492 1.211920 1.523064
66.666667 1.382243 1.226146 1.538340
67.676768 1.399867 1.236120 1.563615
68.686869 1.404173 1.249330 1.559016
69.696970 1.418244 1.257641 1.578848
70.707071 1.418956 1.257851 1.580062
71.717172 1.433546 1.258217 1.608875
72.727273 1.433546 1.258217 1.608875
73.737374 1.448136 1.261529 1.634743
74.747475 1.502916 1.339850 1.665981
75.757576 1.542032 1.355197 1.728867
76.767677 1.546679 1.353703 1.739655
77.777778 1.561006 1.346000 1.776012
78.787879 1.575616 1.357247 1.793984
79.797980 1.590052 1.362244 1.817859
80.808081 1.590052 1.362244 1.817859
81.818182 1.590052 1.362244 1.817859
82.828283 1.604661 1.376733 1.832588
83.838384 1.622757 1.390215 1.855300
84.848485 1.648499 1.439413 1.857585
85.858586 1.603463 1.395602 1.811324
86.868687 1.310732 0.454981 2.166484
87.878788 1.310114 0.457051 2.163177
88.888889 1.300728 0.455762 2.145694
89.898990 1.046952 0.000000 2.126557
90.909091 1.060571 0.000000 2.155008
91.919192 1.075026 0.000000 2.184109
92.929293 1.075026 0.000000 2.184109
93.939394 1.075026 0.000000 2.184109
94.949495 1.021379 0.000000 2.081657
95.959596 0.018360 0.018360 0.018360
96.969697 0.018360 0.018360 0.018360
97.979798 0.018360 0.018360 0.018360
98.989899 0.018370 0.018345 0.018394
100.000000 0.018769 0.018768 0.018769
