# fraction_pct mean ci_low ci_high
0.000000 0.002474 0.001314 0.003634
1.010101 0.822971 0.809381 0.836561
2.020202 0.999323 0.984147 1.014498
3.030303 1.102719 1.096744 1.108693
4.040404 1.576477 1.557514 1.595440
5.050505 1.609842 1.581612 1.638071
6.060606 1.621851 1.594661 1.649041
7.070707 1.647020 1.608913 1.685128
8.080808 1.689221 1.623412 1.755031
9.090909 1.715881 1.663783 1.767980
10.101010 1.720410 1.668486 1.772334
11.111111 1.725180 1.675075 1.775284
12.121212 1.736783 1.679651 1.793915
13.131313 1.742311 1.686088 1.798534
14.141414 1.742600 1.686376 1.798824
15.151515 1.743106 1.687590 1.798622
16.161616 1.744645 1.689983 1.799306
17.171717 1.746722 1.692766 1.800679
18.181818 1.749622 1.697691 1.801554
19.191919 1.754608 1.701808 1.807408
20.202020 1.762114 1.704294 1.819935
21.212121 1.764734 1.710547 1.818920
22.222222 1.768224 1.713351 1.823096
23.232323 1.770090 1.715976 1.824204
24.242424 1.771811 1.716165 1.827456
25.252525 1.772728 1.717778 1.827678
26.262626 1.774530 1.723105 1.825955
27.272727 1.774795 1.723406 1.826184
28.282828 1.774846 1.723447 1.826244
29.292929 1.774849 1.723450 1.826249
30.303030 1.774986 1.723562 1.826410
31.313131 1.775041 1.723605 1.826477
32.323232 1.775043 1.723607 1.826479
33.333333 1.777206 1.721456 1.832955
34.343434 1.779195 1.723004 1.835385
35.353535 1.779614 1.723567 1.835661
36.363636 1.781084 1.724763 1.837406
37.373737 1.781657 1.725895 1.837419
38.383838 1.782810 1.727641 1.837980
39.393939 1.784288 1.729173 1.839404
40.404040 1.785857 1.731038 1.840677
41.414141 1.785962 1.730939 1.840986
42.424242 1.786781 1.731273 1.842288
43.434343 1.786997 1.731449 1.842546
44.444444 1.787088 1.731364 1.842812
45.454545 1.787088 1.731364 1.842812
46.464646 1.788912 1.732885 1.844940
47.474747 1.789209 1.733164 1.845253
48.484848 1.789762 1.733784 1.845741
49.494949 1.789790 1.733769 1.845811
50.505051 1.791146 1.737909 1.844382
51.515152 1.792139 1.737017 1.847261
52.525253 1.792153 1.737031 1.847275
53.535354 1.792237 1.737141 1.847333
54.545455 1.792927 1.737691 1.848164
55.555556 1.793209 1.737939 1.848480
56.565657 1.793850 1.738487 1.849213
57.575758 1.796021 1.740588 1.851455
58.585859 1.797422 1.743592 1.851252
59.595960 1.799360 1.743913 1.854806
60.606061 1.799525 1.743825 1.855225
61.616162 1.799589 1.743881 1.855297
62.626263 1.799589 1.743881 1.855297
63.636364 1.799640 1.743924 1.855357
64.646465 1.799643 1.743921 1.855365
65.656566 1.799666 1.743951 1.855381
66.666667 1.799765 1.743857 1.855673
67.676768 1.799891 1.743848 1.855934
68.686869 1.800496 1.744315 1.856677
69.696970 1.800523 1.744310 1.856736
70.707071 1.801051 1.745708 1.856394
71.717172 1.801378 1.745421 1.857336
72.727273 1.801598 1.746086 1.857110
73.737374 1.801600 1.746087 1.857112
74.747475 1.802868 1.746930 1.858806
75.757576 1.803564 1.747447 1.859681
76.767677 1.803610 1.747410 1.859810
77.777778 1.804947 1.749102 1.860792
78.787879 1.806495 1.751550 1.861439
79.797980 1.806505 1.751565 1.861445
80.808081 1.806699 1.751731 1.861667
81.818182 1.806707 1.751754 1.861660
82.828283 1.807380 1.752398 1.862362
83.838384 1.807718 1.752629 1.862806
84.848485 1.807862 1.752898 1.862826
85.858586 1.810518 1.751683 1.869353
86.868687 1.809393 1.753728 1.865057
87.878788 1.809849 1.753861 1.865836
88.888889 1.812176 1.755660 1.868691
89.898990 1.810947 1.754782 1.867112
90.909091 1.811099 1.754895 1.867303
91.919192 1.811128 1.754918 1.867339
92.929293 1.811236 1.755003 1.867469
93.939394 1.811238 1.755005 1.867472
94.949495 1.812259 1.756270 1.868248
95.959596 1.815213 1.762454 1.867973
96.969697 1.815447 1.762859 1.868036
97.979798 1.817601 1.765242 1.869959
98.989899 1.829104 1.776659 1.881550
100.000000 0.000000 0.000000 0.000000
