# time_s density
17.0703814 0.000376399679
17.0742344 0.00045476351
17.0780873 0.000548280613
17.0819403 0.000659632085
17.0857933 0.000791923007
17.0896462 0.000948739926
17.0934992 0.00113421441
17.0973521 0.00135309305
17.1012051 0.00161081425
17.1050581 0.001913592
17.108911 0.002268507
17.112764 0.0026836052
17.116617 0.0031680038
17.1204699 0.00373200487
17.1243229 0.00438721617
17.1281759 0.00514667919
17.1320288 0.00602500379
17.1358818 0.00703850888
17.1397348 0.00820536845
17.1435877 0.00954576179
17.1474407 0.0110820268
17.1512936 0.012838815
17.1551466 0.0148432463
17.1589996 0.0171250618
17.1628525 0.0197167719
17.1667055 0.0226537986
17.1705585 0.0259746069
17.1744114 0.0297208244
17.1782644 0.033937345
17.1821174 0.0386724129
17.1859703 0.0439776838
17.1898233 0.049908259
17.1936763 0.0565226889
17.1975292 0.0638829415
17.2013822 0.0720543322
17.2052351 0.0811054108
17.2090881 0.0911078015
17.2129411 0.102135994
17.216794 0.114267078
17.220647 0.127580428
17.2245 0.142157322
17.2283529 0.158080502
17.2322059 0.175433678
17.2360589 0.194300963
17.2399118 0.214766251
17.2437648 0.236912535
17.2476178 0.260821163
17.2514707 0.286571047
17.2553237 0.314237818
17.2591766 0.343892941
17.2630296 0.375602784
17.2668826 0.409427676
17.2707355 0.445420926
17.2745885 0.483627845
17.2784415 0.524084767
17.2822944 0.566818081
17.2861474 0.611843291
17.2900004 0.659164119
17.2938533 0.708771653
17.2977063 0.76064357
17.3015593 0.814743438
17.3054122 0.871020106
17.3092652 0.929407216
17.3131181 0.98982282
17.3169711 1.05216914
17.3208241 1.11633246
17.324677 1.18218318
17.32853 1.24957603
17.332383 1.31835042
17.3362359 1.38833102
17.3400889 1.45932842
17.3439419 1.53114005
17.3477948 1.60355118
17.3516478 1.67633618
17.3555007 1.74925979
17.3593537 1.82207869
17.3632067 1.89454307
17.3670596 1.96639839
17.3709126 2.03738716
17.3747656 2.1072509
17.3786185 2.17573205
17.3824715 2.24257597
17.3863245 2.30753296
17.3901774 2.3703602
17.3940304 2.43082374
17.3978834 2.48870036
17.4017363 2.54377935
17.4055893 2.59586427
17.4094422 2.64477442
17.4132952 2.69034634
17.4171482 2.73243499
17.4210011 2.77091486
17.4248541 2.80568081
17.4287071 2.83664875
17.43256 2.8637561
17.436413 2.886962
17.440266 2.90624735
17.4441189 2.9216146
17.4479719 2.93308734
17.4518249 2.9407097
17.4556778 2.94454554
17.4595308 2.94467749
17.4633837 2.94120576
17.4672367 2.93424694
17.4710897 2.92393254
17.4749426 2.91040751
17.4787956 2.89382864
17.4826486 2.87436299
17.4865015 2.85218616
17.4903545 2.82748067
17.4942075 2.80043427
17.4980604 2.77123836
17.5019134 2.74008642
17.5057664 2.7071725
17.5096193 2.67268986
17.5134723 2.63682965
17.5173252 2.59977975
17.5211782 2.56172367
17.5250312 2.52283966
17.5288841 2.4832999
17.5327371 2.44326979
17.5365901 2.4029074
17.540443 2.36236308
17.544296 2.32177908
17.548149 2.28128935
17.5520019 2.24101941
17.5558549 2.2010863
17.5597079 2.16159856
17.5635608 2.12265633
17.5674138 2.08435144
17.5712667 2.04676752
17.5751197 2.00998016
17.5789727 1.97405703
17.5828256 1.93905806
17.5866786 1.9050355
17.5905316 1.87203408
17.5943845 1.84009103
17.5982375 1.80923618
17.6020905 1.77949195
17.6059434 1.75087336
17.6097964 1.72338801
17.6136494 1.69703606
17.6175023 1.67181017
17.6213553 1.64769548
17.6252082 1.62466959
17.6290612 1.60270256
17.6329142 1.58175696
17.6367671 1.56178795
17.6406201 1.5427434
17.6444731 1.52456413
17.648326 1.50718418
17.652179 1.49053115
17.656032 1.47452666
17.6598849 1.45908687
17.6637379 1.44412313
17.6675909 1.42954262
17.6714438 1.41524921
17.6752968 1.40114424
17.6791497 1.38712752
17.6830027 1.37309826
17.6868557 1.35895614
17.6907086 1.34460231
17.6945616 1.32994054
17.6984146 1.31487818
17.7022675 1.29932734
17.7061205 1.28320578
17.7099735 1.26643797
17.7138264 1.24895593
17.7176794 1.23070005
17.7215324 1.21161984
17.7253853 1.19167447
17.7292383 1.17083332
17.7330912 1.14907631
17.7369442 1.12639409
17.7407972 1.10278819
17.7446501 1.07827093
17.7485031 1.05286521
17.7523561 1.02660422
17.756209 0.99953097
17.760062 0.971697722
17.763915 0.943165299
17.7677679 0.91400231
17.7716209 0.884284287
17.7754739 0.854092748
17.7793268 0.823514207
17.7831798 0.792639148
17.7870327 0.761560974
17.7908857 0.730374951
17.7947387 0.699177158
17.7985916 0.668063465
17.8024446 0.637128543
17.8062976 0.606464932
17.8101505 0.576162163
17.8140035 0.546305957
17.8178565 0.516977503
17.8217094 0.488252818
17.8255624 0.460202206
17.8294154 0.432889806
17.8332683 0.406373237
17.8371213 0.380703338
17.8409742 0.355924004
17.8448272 0.33207211
17.8486802 0.309177523
17.8525331 0.287263193
17.8563861 0.266345322
17.8602391 0.246433593
17.864092 0.227531468
17.867945 0.20963653
17.871798 0.192740866
17.8756509 0.176831495
17.8795039 0.161890812
17.8833569 0.147897054
17.8872098 0.134824776
17.8910628 0.122645332
17.8949157 0.11132735
17.8987687 0.100837201
17.9026217 0.0911394473
17.9064746 0.082197279
17.9103276 0.0739729222
17.9141806 0.0664280225
17.9180335 0.0595239989
17.9218865 0.0532223681
17.9257395 0.0474850353
17.9295924 0.0422745545
17.9334454 0.0375543545
17.9372983 0.0332889344
17.9411513 0.0294440268
17.9450043 0.0259867324
17.9488572 0.0228856255
17.9527102 0.0201108332
17.9565632 0.0176340904
17.9604161 0.0154287727
17.9642691 0.0134699084
17.9681221 0.0117341734
17.971975 0.01019987
17.975828 0.00884689263
17.979681 0.00765668164
17.9835339 0.0066121681
17.9873869 0.00569771097
17.9912398 0.00489902846
17.9950928 0.00420312526
17.9989458 0.00359821695
18.0027987 0.00307365297
18.0066517 0.00261983922
18.0105047 0.00222816129
18.0143576 0.00189090913
18.0182106 0.00160120383
18.0220636 0.0013529271
18.0259165 0.00114065388
18.0297695 0.000959588395
18.0336225 0.000805503852
18.0374754 0.000674686011
18.0413284 0.000563880613
18.0451813 0.00047024472
18.0490343 0.00039130188
18.0528873 0.000324901058
