# fraction_pct mean ci_low ci_high
0.000000 0.000000 0.000000 0.000000
1.010101 0.869789 0.000000 3.106015
2.020202 4.225537 1.363536 7.087539
3.030303 6.605905 6.081571 7.130239
4.040404 7.894026 7.468802 8.319251
5.050505 9.209330 8.133338 10.285322
6.060606 10.666427 9.521449 11.811405
7.070707 11.962144 10.848749 13.075540
8.080808 13.105697 11.873187 14.338206
9.090909 15.102897 13.127466 17.078327
10.101010 16.746980 14.631369 18.862592
11.111111 17.576884 16.649498 18.504271
12.121212 18.079039 17.498267 18.659810
13.131313 19.468137 18.665530 20.270744
14.141414 21.077373 20.241331 21.913414
15.151515 23.079257 22.368546 23.789969
16.161616 24.467959 24.330444 24.605473
17.171717 24.842863 23.693283 25.992443
18.181818 24.241841 21.323192 27.160489
19.191919 22.353583 19.048260 25.658905
20.202020 18.369264 16.205605 20.532923
21.212121 13.520982 8.378742 18.663222
22.222222 10.066918 5.058400 15.075436
23.232323 9.227663 6.745038 11.710288
24.242424 8.465608 7.942226 8.988989
25.252525 8.227220 8.137705 8.316734
26.262626 8.262036 8.262023 8.262049
27.272727 8.537178 8.360329 8.714027
28.282828 8.537178 8.360329 8.714027
29.292929 8.595634 8.336494 8.854774
30.303030 8.669666 8.365814 8.973518
31.313131 8.788361 8.387779 9.188943
32.323232 8.891912 8.393306 9.390518
33.333333 8.950702 8.427583 9.473821
34.343434 9.020110 8.486238 9.553981
35.353535 9.069629 8.531059 9.608198
36.363636 9.127299 8.546970 9.707629
37.373737 9.177735 8.534549 9.820920
38.383838 9.293077 8.618585 9.967569
39.393939 9.293077 8.618585 9.967569
40.404040 9.343512 8.633436 10.053589
41.414141 9.343512 8.633436 10.053589
42.424242 9.393948 8.655655 10.132240
43.434343 9.515585 8.702226 10.328944
44.444444 9.537007 8.706776 10.367238
45.454545 9.537007 8.706776 10.367238
46.464646 9.583319 8.726273 10.440366
47.474747 9.583319 8.726273 10.440366
48.484848 9.583319 8.726273 10.440366
49.494949 9.583835 8.726401 10.441269
50.505051 9.686132 8.748404 10.623859
51.515152 9.716096 8.754685 10.677508
52.525253 9.775046 8.960193 10.589900
53.535354 9.827849 8.994086 10.661612
54.545455 9.870816 8.999499 10.742134
55.555556 9.870816 8.999499 10.742134
56.565657 9.973240 9.209368 10.737111
57.575758 10.147835 9.270679 11.024992
58.585859 10.312033 9.228511 11.395555
59.595960 10.310186 9.225720 11.394651
60.606061 10.369425 9.408279 11.330571
61.616162 10.411007 9.426383 11.395630
62.626263 10.451286 9.394385 11.508186
63.636364 10.451286 9.394385 11.508186
64.646465 10.508957 9.560054 11.457859
65.656566 10.550137 9.572971 11.527303
66.666667 10.550137 9.572971 11.527303
67.676768 10.601122 9.710603 11.491641
68.686869 10.633135 9.712225 11.554045
69.696970 10.641340 9.711951 11.570729
70.707071 10.641340 9.711951 11.570729
71.717172 10.805984 9.833397 11.778570
72.727273 10.931291 9.769805 12.092777
73.737374 10.974259 9.853374 12.095144
74.747475 10.974259 9.853374 12.095144
75.757576 11.023642 9.960652 12.086631
76.767677 11.183755 10.172006 12.195504
77.777778 11.265038 10.251795 12.278280
78.787879 11.284509 10.304629 12.264389
79.797980 11.358811 10.396711 12.320911
80.808081 11.476554 10.535860 12.417248
81.818182 11.551895 10.643449 12.460341
82.828283 11.551895 10.643449 12.460341
83.838384 11.587348 10.656008 12.518688
84.848485 11.631256 10.660385 12.602128
85.858586 11.638420 10.679798 12.597042
86.868687 11.672838 10.770144 12.575533
87.878788 11.712441 10.777998 12.646884
88.888889 11.712441 10.777998 12.646884
89.898990 11.760529 10.895848 12.625209
90.909091 11.833855 10.972744 12.694966
91.919192 11.873322 10.976422 12.770221
92.929293 11.912788 10.984244 12.841333
93.939394 11.958030 11.085212 12.830847
94.949495 12.045072 11.191320 12.898825
95.959596 12.314091 11.816947 12.811236
96.969697 12.629852 12.629839 12.629866
97.979798 12.629852 12.629839 12.629866
98.989899 7.547856 3.685686 11.410026
100.000000 0.025907 0.025858 0.025957
