# fraction_pct mean ci_low ci_high
0.000000 1.673191 0.000000 5.956865
1.010101 10.434016 9.055740 11.812292
2.020202 12.155623 10.676259 13.634987
3.030303 12.782930 12.700233 12.865627
4.040404 13.542896 13.380963 13.704829
5.050505 13.871682 13.599772 14.143593
6.060606 13.974551 13.816235 14.132868
7.070707 13.974625 13.816281 14.132969
8.080808 13.981508 13.816606 14.146409
9.090909 14.359037 13.683207 15.034868
10.101010 15.100316 14.537293 15.663338
11.111111 15.267611 14.533157 16.002066
12.121212 15.317217 14.485934 16.148500
13.131313 15.281091 14.444361 16.117821
14.141414 15.218475 14.341364 16.095585
15.151515 13.802038 13.100196 14.503880
16.161616 10.995566 9.995624 11.995508
17.171717 8.286174 7.743309 8.829039
18.181818 7.802902 7.108324 8.497480
19.191919 7.822797 7.096564 8.549030
20.202020 7.857401 7.086173 8.628629
21.212121 7.871081 7.106235 8.635927
22.222222 8.103863 7.473386 8.734340
23.232323 8.719266 8.429385 9.009148
24.242424 8.910787 8.702531 9.119042
25.252525 8.978009 8.757239 9.198780
26.262626 9.143165 8.653722 9.632609
27.272727 9.380161 8.887128 9.873193
28.282828 9.382784 8.892844 9.872724
29.292929 9.401509 8.941159 9.861859
30.303030 9.424787 8.975348 9.874226
31.313131 9.448617 9.007264 9.889969
32.323232 9.487413 8.995222 9.979604
33.333333 9.492094 9.005212 9.978976
34.343434 9.503424 9.019500 9.987348
35.353535 9.508476 9.025573 9.991379
36.363636 9.510024 9.027728 9.992320
37.373737 9.530622 9.081796 9.979449
38.383838 9.538752 9.090720 9.986783
39.393939 9.544302 9.099281 9.989322
40.404040 9.561123 9.123441 9.998805
41.414141 9.562018 9.124589 9.999448
42.424242 9.578426 9.142754 10.014098
43.434343 9.611399 9.196979 10.025819
44.444444 9.621080 9.210158 10.032002
45.454545 9.621445 9.210641 10.032249
46.464646 9.617506 9.206326 10.028687
47.474747 9.618638 9.207591 10.029685
48.484848 9.619820 9.208890 10.030749
49.494949 9.619976 9.209060 10.030891
50.505051 9.621880 9.211241 10.032519
51.515152 9.628965 9.225960 10.031971
52.525253 9.646996 9.203601 10.090391
53.535354 9.691232 9.199854 10.182610
54.545455 9.697361 9.197994 10.196728
55.555556 9.703751 9.209105 10.198397
56.565657 9.721403 9.195004 10.247802
57.575758 9.737085 9.217856 10.256315
58.585859 9.729953 9.196846 10.263059
59.595960 9.753673 9.245975 10.261370
60.606061 9.757991 9.244171 10.271811
61.616162 9.763086 9.249108 10.277063
62.626263 9.764923 9.250625 10.279220
63.636364 9.765737 9.250976 10.280498
64.646465 9.766558 9.249972 10.283143
65.656566 9.767115 9.250487 10.283742
66.666667 9.767200 9.250409 10.283991
67.676768 9.767727 9.249763 10.285691
68.686869 9.761763 9.209607 10.313920
69.696970 9.782360 9.235284 10.329437
70.707071 9.782670 9.234903 10.330438
71.717172 9.792885 9.236123 10.349646
72.727273 9.792227 9.228601 10.355852
73.737374 9.803965 9.240887 10.367043
74.747475 9.815284 9.253509 10.377059
75.757576 9.784165 9.295665 10.272665
76.767677 9.792518 9.286965 10.298071
77.777778 9.795476 9.287491 10.303460
78.787879 9.795514 9.287465 10.303562
79.797980 9.774703 9.303642 10.245764
80.808081 9.759196 9.329885 10.188506
81.818182 9.734023 9.351882 10.116165
82.828283 9.734105 9.351938 10.116271
83.838384 9.709971 9.329501 10.090441
84.848485 9.667111 9.292960 10.041262
85.858586 9.693137 9.325841 10.060433
86.868687 9.696731 9.330452 10.063011
87.878788 9.699653 9.332658 10.066649
88.888889 9.699992 9.332792 10.067191
89.898990 9.699896 9.330482 10.069310
90.909091 9.673083 9.341700 10.004466
91.919192 9.691041 9.348243 10.033839
92.929293 9.655227 9.318783 9.991671
93.939394 9.686129 9.343962 10.028295
94.949495 9.670321 9.360792 9.979850
95.959596 9.625795 9.373513 9.878077
96.969697 9.592022 9.372717 9.811326
97.979798 9.592288 9.372941 9.811634
98.989899 9.562739 9.298674 9.826805
100.000000 1.955339 0.000000 6.982515
