# time_s density
396.739672 2.12220121e-05
396.813094 2.5319449e-05
396.886515 3.01525135e-05
396.959937 3.58422052e-05
397.033358 4.25273401e-05
397.10678 5.03668032e-05
397.180202 5.95420252e-05
397.253623 7.02596937e-05
397.327045 8.27547121e-05
397.400467 9.72934145e-05
397.473888 0.000114177046
397.54731 0.000133745514
397.620732 0.000156381415
397.694153 0.000182514337
397.767575 0.000212625431
397.840997 0.000247252255
397.914418 0.000286993865
397.98784 0.000332516147
398.061261 0.000384557355
398.134683 0.000443933848
398.208105 0.000511545956
398.281526 0.000588383965
398.354948 0.000675534144
398.42837 0.000774184771
398.501791 0.000885632075
398.575213 0.00101128603
398.648635 0.00115267589
398.722056 0.00131145541
398.795478 0.00148940761
398.8689 0.00168844899
398.942321 0.00191063304
399.015743 0.00215815299
399.089164 0.00243334359
399.162586 0.00273868182
399.236008 0.00307678639
399.309429 0.00345041587
399.382851 0.0038624653
399.456273 0.00431596117
399.529694 0.00481405466
399.603116 0.00536001284
399.676538 0.00595720802
399.749959 0.00660910484
399.823381 0.00731924519
399.896803 0.00809123083
399.970224 0.00892870372
400.043646 0.00983532393
400.117067 0.0108147453
400.190489 0.0118705887
400.263911 0.0130064131
400.337332 0.0142256847
400.410754 0.0155317436
400.484176 0.0169277694
400.557597 0.0184167445
400.631019 0.0200014168
400.704441 0.0216842608
400.777862 0.0234674387
400.851284 0.0253527605
400.924705 0.0273416448
400.998127 0.0294350805
401.071549 0.0316335883
401.14497 0.0339371854
401.218392 0.0363453513
401.291814 0.038856996
401.365235 0.0414704323
401.438657 0.0441833509
401.512079 0.0469928001
401.5855 0.0498951698
401.658922 0.0528861808
401.732344 0.0559608798
401.805765 0.0591136397
401.879187 0.0623381666
401.952608 0.0656275133
402.02603 0.068974099
402.099452 0.072369736
402.172873 0.0758056631
402.246295 0.0792725862
402.319717 0.0827607245
402.393138 0.0862598641
402.46656 0.0897594167
402.539982 0.0932484849
402.613403 0.0967159314
402.686825 0.100150454
402.760247 0.103540664
402.833668 0.106875166
402.90709 0.110142644
402.980511 0.113331943
403.053933 0.11643216
403.127355 0.119432724
403.200776 0.122323483
403.274198 0.125094783
403.34762 0.127737551
403.421041 0.130243362
403.494463 0.132604517
403.567885 0.134814099
403.641306 0.136866032
403.714728 0.138755128
403.788149 0.140477134
403.861571 0.142028755
403.934993 0.143407684
404.008414 0.144612613
404.081836 0.145643237
404.155258 0.14650025
404.228679 0.147185326
404.302101 0.147701099
404.375523 0.148051123
404.448944 0.148239836
404.522366 0.148272501
404.595788 0.148155154
404.669209 0.147894531
404.742631 0.147498002
404.816052 0.146973489
404.889474 0.146329384
404.962896 0.145574466
405.036317 0.144717809
405.109739 0.143768696
405.183161 0.142736526
405.256582 0.141630727
405.330004 0.140460666
405.403426 0.139235565
405.476847 0.137964419
405.550269 0.136655919
405.623691 0.135318381
405.697112 0.133959676
405.770534 0.132587174
405.843955 0.131207689
405.917377 0.129827434
405.990799 0.128451986
406.06422 0.127086251
406.137642 0.125734446
406.211064 0.124400087
406.284485 0.123085979
406.357907 0.121794222
406.431329 0.12052622
406.50475 0.119282695
406.578172 0.118063718
406.651594 0.116868733
406.725015 0.115696596
406.798437 0.114545614
406.871858 0.113413596
406.94528 0.112297896
407.018702 0.111195472
407.092123 0.110102939
407.165545 0.109016625
407.238967 0.107932634
407.312388 0.106846902
407.38581 0.105755257
407.459232 0.104653478
407.532653 0.103537352
407.606075 0.102402727
407.679496 0.101245571
407.752918 0.100062013
407.82634 0.0988483995
407.899761 0.097601329
407.973183 0.0963176968
408.046605 0.0949947277
408.120026 0.0936300066
408.193448 0.0922215048
408.26687 0.0907676007
408.340291 0.0892670965
408.413713 0.0877192294
408.487135 0.0861236786
408.560556 0.0844805675
408.633978 0.0827904608
408.707399 0.0810543582
408.780821 0.0792736829
408.854243 0.0774502665
408.927664 0.0755863308
409.001086 0.0736844648
409.074508 0.0717476003
409.147929 0.0697789833
409.221351 0.0677821438
409.294773 0.0657608636
409.368194 0.0637191418
409.441616 0.0616611597
409.515038 0.059591245
409.588459 0.0575138344
409.661881 0.0554334375
409.735302 0.0533546001
409.808724 0.0512818682
409.882146 0.0492197536
409.955567 0.0471726998
410.028989 0.0451450504
410.102411 0.0431410186
410.175832 0.0411646598
410.249254 0.0392198452
410.322676 0.037310239
410.396097 0.0354392776
410.469519 0.0336101519
410.542941 0.0318257921
410.616362 0.0300888556
410.689784 0.0284017177
410.763205 0.0267664649
410.836627 0.0251848915
410.910049 0.0236584983
410.98347 0.0221884942
411.056892 0.0207758003
411.130314 0.0194210562
411.203735 0.0181246283
411.277157 0.0168866197
411.350579 0.015706883
411.424 0.0145850331
411.497422 0.0135204622
411.570843 0.0125123556
411.644265 0.0115597079
411.717687 0.0106613412
411.791108 0.00981592138
411.86453 0.00902197706
411.937952 0.00827791669
412.011373 0.00758204639
412.084795 0.0069325872
412.158217 0.00632769182
412.231638 0.00576546074
412.30506 0.00524395761
412.378482 0.00476122379
412.451903 0.00431529194
412.525325 0.00390419867
412.598746 0.00352599605
412.672168 0.00317876221
412.74559 0.00286061068
412.819011 0.00256969882
412.892433 0.00230423501
412.965855 0.00206248489
413.039276 0.00184277658
413.112698 0.00164350489
413.18612 0.00146313461
413.259541 0.00130020296
413.332963 0.00115332117
413.406385 0.00102117539
413.479806 0.000902526886
413.553228 0.000796211596
413.626649 0.000701139201
413.700071 0.000616291676
413.773493 0.000540721455
413.846914 0.000473549228
413.920336 0.000413961468
413.993758 0.000361207717
414.067179 0.000314597696
414.140601 0.000273498282
414.214023 0.000237330406
414.287444 0.000205565902
414.360866 0.000177724343
414.434287 0.00015336991
414.507709 0.000132108301
414.581131 0.000113583714
414.654552 9.74759285e-05
414.727974 8.34974916e-05
414.801396 7.13910227e-05
414.874817 6.09266536e-05
414.948239 5.1899603e-05
415.021661 4.41278941e-05
415.095082 3.74502145e-05
415.168504 3.17239214e-05
415.241926 2.68231882e-05
415.315347 2.26372908e-05
415.388769 1.90690294e-05
415.46219 1.60332807e-05
