# fraction_pct mean ci_low ci_high
0.000000 0.056979 0.020356 0.093602
1.010101 0.071223 0.071223 0.071223
2.020202 0.071223 0.071223 0.071223
3.030303 0.071223 0.071223 0.071223
4.040404 0.783982 0.000000 1.906156
5.050505 2.557624 0.766476 4.348773
6.060606 4.144387 1.159022 7.129753
7.070707 4.653759 1.080285 8.227233
8.080808 5.066748 1.892725 8.240772
9.090909 6.473575 4.339758 8.607392
10.101010 7.098018 4.872174 9.323863
11.111111 7.098018 4.872174 9.323863
12.121212 7.098018 4.872174 9.323863
13.131313 7.454295 6.144436 8.764153
14.141414 7.454398 6.144804 8.763991
15.151515 7.454398 6.144804 8.763991
16.161616 7.454398 6.144804 8.763991
17.171717 7.805151 7.397343 8.212958
18.181818 7.810777 7.417435 8.204119
19.191919 7.961442 7.955460 7.967424
20.202020 7.963769 7.963769 7.963769
21.212121 7.963769 7.963769 7.963769
22.222222 7.963769 7.963769 7.963769
23.232323 7.963769 7.963769 7.963769
24.242424 7.963769 7.963769 7.963769
25.252525 7.963769 7.963769 7.963769
26.262626 8.129486 7.703427 8.555545
27.272727 8.488733 7.139051 9.838414
28.282828 9.442538 7.761996 11.123080
29.292929 11.197694 10.713395 11.681994
30.303030 11.580648 11.224752 11.936543
31.313131 11.890991 11.578911 12.203071
32.323232 11.059252 8.908553 13.209951
33.333333 10.577889 6.989911 14.165868
34.343434 10.612986 7.115081 14.110891
35.353535 10.836594 7.912332 13.760856
36.363636 10.994257 8.474121 13.514392
37.373737 11.082083 8.786878 13.377288
38.383838 11.230083 9.052644 13.407523
39.393939 10.330644 7.264279 13.397008
40.404040 8.495513 5.751942 11.239084
41.414141 5.942846 4.007921 7.877771
42.424242 5.739557 4.598890 6.880225
43.434343 4.969078 3.897190 6.040965
44.444444 4.793597 3.634488 5.952707
45.454545 4.722438 3.485665 5.959210
46.464646 4.774522 3.596878 5.952166
47.474747 4.774522 3.596878 5.952166
48.484848 4.774522 3.596878 5.952166
49.494949 4.774522 3.596878 5.952166
50.505051 4.774522 3.596878 5.952166
51.515152 4.789450 3.626461 5.952439
52.525253 4.804261 3.655206 5.953315
53.535354 4.778951 3.605798 5.952105
54.545455 4.964868 3.451538 6.478198
55.555556 5.031183 3.305155 6.757210
56.565657 5.091866 3.218102 6.965630
57.575758 5.167902 3.112365 7.223439
58.585859 5.422288 3.120316 7.724261
59.595960 5.326836 3.328984 7.324688
60.606061 4.980500 3.470433 6.490567
61.616162 4.750008 3.336386 6.163631
62.626263 4.732166 3.086752 6.377580
63.636364 4.294423 3.532617 5.056230
64.646465 4.114261 3.916263 4.312260
65.656566 4.042113 4.026794 4.057433
66.666667 4.039343 4.021929 4.056757
67.676768 4.029103 4.005840 4.052366
68.686869 4.030212 4.008469 4.051955
69.696970 4.024672 3.995689 4.053656
70.707071 4.021056 3.991114 4.050997
71.717172 4.019041 3.986769 4.051313
72.727273 4.034777 3.962132 4.107421
73.737374 4.030201 3.971769 4.088634
74.747475 4.019331 3.976048 4.062614
75.757576 4.019396 3.976616 4.062176
76.767677 4.017462 3.976241 4.058683
77.777778 4.017279 3.975868 4.058691
78.787879 4.017209 3.975725 4.058694
79.797980 4.019418 3.973674 4.065161
80.808081 4.017510 3.974961 4.060058
81.818182 4.014217 3.975965 4.052469
82.828283 4.016334 3.973633 4.059036
83.838384 4.011226 3.978351 4.044102
84.848485 4.012606 3.977240 4.047972
85.858586 4.006166 3.979924 4.032407
86.868687 4.009554 3.977366 4.041743
87.878788 4.009273 3.975235 4.043311
88.888889 3.998915 3.983959 4.013870
89.898990 3.999886 3.981965 4.017808
90.909091 3.994533 3.986995 4.002071
91.919192 3.993864 3.986388 4.001340
92.929293 3.992988 3.988098 3.997878
93.939394 3.992022 3.988554 3.995490
94.949495 3.991123 3.989722 3.992524
95.959596 3.990325 3.990296 3.990355
96.969697 3.990319 3.990293 3.990345
97.979798 3.990317 3.990291 3.990344
98.989899 3.990318 3.990290 3.990346
100.000000 0.008161 0.008160 0.008162
