# fraction_pct mean ci_low ci_high
0.000000 1.939921 0.317683 3.562159
1.010101 7.982985 5.060917 10.905054
2.020202 9.743765 8.683858 10.803672
3.030303 10.155928 10.053770 10.258086
4.040404 10.250378 10.078126 10.422630
5.050505 10.886255 10.540451 11.232058
6.060606 11.537149 10.971641 12.102656
7.070707 11.960421 11.166812 12.754031
8.080808 12.154055 11.443379 12.864731
9.090909 12.317972 11.698858 12.937085
10.101010 12.350034 11.709772 12.990295
11.111111 12.387310 11.705318 13.069302
12.121212 12.415427 11.719124 13.111730
13.131313 12.415393 11.719118 13.111668
14.141414 12.416881 11.719371 13.114391
15.151515 12.416869 11.719369 13.114369
16.161616 12.459895 11.690433 13.229358
17.171717 12.469871 11.693370 13.246372
18.181818 12.472989 11.694128 13.251851
19.191919 12.473202 11.694177 13.252227
20.202020 12.476350 11.694861 13.257839
21.212121 12.476350 11.694861 13.257839
22.222222 12.492663 11.697207 13.288119
23.232323 12.537676 11.694011 13.381341
24.242424 12.581475 11.679049 13.483900
25.252525 12.592807 11.673542 13.512072
26.262626 12.758861 11.706619 13.811103
27.272727 12.566306 11.438703 13.693909
28.282828 12.477757 11.701184 13.254330
29.292929 11.273773 10.636358 11.911189
30.303030 10.866515 10.431276 11.301755
31.313131 10.669138 10.323839 11.014437
32.323232 10.648089 10.247201 11.048978
33.333333 10.602905 10.233222 10.972587
34.343434 10.604589 10.234753 10.974424
35.353535 10.604592 10.234756 10.974427
36.363636 10.604592 10.234756 10.974427
37.373737 10.605255 10.235345 10.975165
38.383838 10.569567 10.186112 10.953023
39.393939 10.454163 10.119823 10.788502
40.404040 10.327923 10.008712 10.647134
41.414141 10.110135 9.722998 10.497272
42.424242 9.905990 9.007021 10.804960
43.434343 9.915044 9.026621 10.803466
44.444444 9.921267 9.042524 10.800010
45.454545 9.932063 9.050315 10.813811
46.464646 9.977047 9.177027 10.777068
47.474747 9.989083 9.211746 10.766420
48.484848 10.044177 9.400954 10.687400
49.494949 10.053534 9.432375 10.674694
50.505051 10.056360 9.440709 10.672011
51.515152 10.060936 9.449666 10.672205
52.525253 10.067161 9.458840 10.675482
53.535354 10.072059 9.463166 10.680951
54.545455 10.078084 9.481471 10.674698
55.555556 10.080499 9.489460 10.671538
56.565657 10.083086 9.492736 10.673435
57.575758 10.086101 9.500608 10.671594
58.585859 10.126571 9.610668 10.642475
59.595960 10.135483 9.619570 10.651396
60.606061 10.139780 9.620288 10.659272
61.616162 10.141877 9.623934 10.659821
62.626263 10.144405 9.631313 10.657497
63.636364 10.144411 9.631458 10.657364
64.646465 10.153961 9.641046 10.666875
65.656566 10.158870 9.645025 10.672716
66.666667 10.169038 9.652062 10.686013
67.676768 10.217079 9.658912 10.775245
68.686869 10.218946 9.661343 10.776549
69.696970 10.220396 9.663561 10.777231
70.707071 10.220826 9.663934 10.777717
71.717172 10.221451 9.665415 10.777487
72.727273 10.224654 9.667975 10.781333
73.737374 10.226280 9.668404 10.784157
74.747475 10.229847 9.667655 10.792039
75.757576 10.230383 9.668673 10.792093
76.767677 10.233448 9.671312 10.795585
77.777778 10.233553 9.671432 10.795674
78.787879 10.233679 9.671619 10.795739
79.797980 10.234353 9.672185 10.796521
80.808081 10.234613 9.672446 10.796780
81.818182 10.235495 9.672547 10.798443
82.828283 10.236653 9.673203 10.800102
83.838384 10.237196 9.673628 10.800764
84.848485 10.237448 9.673944 10.800953
85.858586 10.237844 9.673971 10.801716
86.868687 10.238189 9.674297 10.802081
87.878788 10.238271 9.674359 10.802184
88.888889 10.238468 9.674450 10.802486
89.898990 10.239144 9.674429 10.803858
90.909091 10.239304 9.674496 10.804112
91.919192 10.239688 9.674534 10.804843
92.929293 10.239465 9.674286 10.804644
93.939394 10.239668 9.674323 10.805013
94.949495 10.239802 9.674373 10.805232
95.959596 10.239825 9.674587 10.805063
96.969697 10.239902 9.674642 10.805162
97.979798 10.239909 9.674663 10.805155
98.989899 10.240042 9.674829 10.805255
100.000000 0.000000 0.000000 0.000000
