# time_s density
104.354147 2.38499414e-05
104.4184 2.99386381e-05
104.482652 3.74587477e-05
104.546905 4.67144201e-05
104.611158 5.80664348e-05
104.67541 7.19408983e-05
104.739663 8.88388742e-05
104.803916 0.000109346965
104.868169 0.000134148839
104.932421 0.000164037676
104.996674 0.000199929463
105.060927 0.00024287706
105.125179 0.000294084886
105.189432 0.000354924049
105.253685 0.00042694769
105.317937 0.000511906252
105.38219 0.000611762328
105.446443 0.00072870469
105.510695 0.000865161026
105.574948 0.00102380887
105.639201 0.00120758413
105.703453 0.00141968663
105.767706 0.0016635819
105.831959 0.00194299866
105.896211 0.00226192114
105.960464 0.0026245756
106.024717 0.00303541039
106.088969 0.0034990688
106.153222 0.00402035431
106.217475 0.00460418754
106.281727 0.00525555483
106.34598 0.00597944801
106.410233 0.00678079563
106.474486 0.00766438562
106.538738 0.00863478008
106.602991 0.00969622277
106.667244 0.0108525403
106.731496 0.0121070387
106.795749 0.0134623958
106.860002 0.0149205531
106.924254 0.0164826075
106.988507 0.0181487062
107.05276 0.0199179467
107.117012 0.0217882856
107.181265 0.0237564575
107.245518 0.0258179081
107.30977 0.0279667431
107.374023 0.030195697
107.438276 0.0324961226
107.502528 0.0348580037
107.566781 0.0372699942
107.631034 0.0397194821
107.695286 0.0421926824
107.759539 0.0446747555
107.823792 0.0471499543
107.888044 0.049601796
107.952297 0.0520132582
108.01655 0.0543669962
108.080802 0.0566455796
108.145055 0.0588317426
108.209308 0.0609086454
108.273561 0.0628601417
108.337813 0.064671046
108.402066 0.0663273982
108.466319 0.0678167162
108.530571 0.069128236
108.594824 0.0702531289
108.659077 0.0711846959
108.723329 0.0719185307
108.787582 0.0724526502
108.851835 0.0727875876
108.916087 0.0729264459
108.98034 0.0728749113
109.044593 0.0726412225
109.108845 0.0722360999
109.173098 0.0716726321
109.237351 0.070966123
109.301603 0.0701339023
109.365856 0.0691951018
109.430109 0.068170402
109.494361 0.0670817534
109.558614 0.065952078
109.622867 0.0648049557
109.687119 0.0636643022
109.751372 0.0625540434
109.815625 0.0614977925
109.879878 0.0605185361
109.94413 0.0596383332
110.008383 0.0588780343
110.072636 0.0582570233
110.136888 0.0577929882
110.201141 0.057501722
110.265394 0.0573969592
110.329646 0.0574902477
110.393899 0.0577908594
110.458152 0.0583057384
110.522404 0.0590394885
110.586657 0.0599943969
110.65091 0.0611704946
110.715162 0.0625656496
110.779415 0.0641756902
110.843668 0.0659945547
110.90792 0.0680144641
110.972173 0.0702261112
111.036426 0.0726188632
111.100678 0.0751809718
111.164931 0.0778997846
111.229184 0.0807619538
111.293436 0.0837536372
111.357689 0.0868606848
111.421942 0.0900688096
111.486195 0.0933637357
111.550447 0.0967313231
111.6147 0.100157666
111.678953 0.103629161
111.743205 0.107132553
111.807458 0.110654942
111.871711 0.114183777
111.935963 0.117706812
112.000216 0.121212057
112.064469 0.124687694
112.128721 0.128121999
112.192974 0.131503245
112.257227 0.134819612
112.321479 0.138059098
112.385732 0.141209446
112.449985 0.144258081
112.514237 0.147192079
112.57849 0.149998151
112.642743 0.152662672
112.706995 0.155171728
112.771248 0.15751121
112.835501 0.159666934
112.899753 0.161624803
112.964006 0.163370994
113.028259 0.164892177
113.092512 0.166175754
113.156764 0.167210116
113.221017 0.167984912
113.28527 0.168491317
113.349522 0.168722299
113.413775 0.168672862
113.478028 0.168340282
113.54228 0.167724296
113.606533 0.166827265
113.670786 0.165654284
113.735038 0.164213252
113.799291 0.162514872
113.863544 0.16057261
113.927796 0.158402582
113.992049 0.156023393
114.056302 0.153455908
114.120554 0.150722977
114.184807 0.147849112
114.24906 0.144860119
114.313312 0.141782694
114.377565 0.138643996
114.441818 0.135471206
114.50607 0.132291074
114.570323 0.129129469
114.634576 0.126010952
114.698828 0.122958365
114.763081 0.119992453
114.827334 0.11713153
114.891587 0.114391197
114.955839 0.111784111
115.020092 0.109319817
115.084345 0.107004641
115.148597 0.104841654
115.21285 0.102830699
115.277103 0.100968483
115.341355 0.0992487298
115.405608 0.0976623953
115.469861 0.0961979299
115.534113 0.0948415892
115.598366 0.093577782
115.662619 0.0923894482
115.726871 0.0912584562
115.791124 0.0901660129
115.855377 0.0890930753
115.919629 0.0880207551
115.983882 0.0869307078
116.048135 0.0858054981
116.112387 0.0846289346
116.17664 0.0833863672
116.240893 0.0820649419
116.305145 0.0806538092
116.369398 0.0791442836
116.433651 0.0775299515
116.497904 0.0758067288
116.562156 0.0739728673
116.626409 0.072028914
116.690662 0.0699776243
116.754914 0.0678238348
116.819167 0.0655742996
116.88342 0.0632374952
116.947672 0.0608234013
117.011925 0.0583432617
117.076178 0.055809333
117.14043 0.0532346267
117.204683 0.0506326503
117.268936 0.048017154
117.333188 0.045401887
117.397441 0.0428003689
117.461694 0.0402256793
117.525946 0.0376902694
117.590199 0.0352057981
117.654452 0.0327829936
117.718704 0.030431542
117.782957 0.0281600035
117.84721 0.025975755
117.911462 0.0238849586
117.975715 0.0218925546
118.039968 0.0200022767
118.104221 0.0182166872
118.168473 0.0165372301
118.232726 0.0149642989
118.296979 0.0134973163
118.361231 0.0121348233
118.425484 0.0108745752
118.489737 0.00971364065
118.553989 0.00864850349
118.618242 0.00767516293
118.682495 0.0067892317
118.746747 0.00598602993
118.811 0.00526067337
118.875253 0.00460815509
118.939505 0.00402341967
119.003758 0.0035014294
119.068011 0.00303722234
119.132263 0.00262596189
119.196516 0.00226297831
119.260769 0.00194380222
119.325021 0.0016641907
119.389274 0.00142014637
119.453527 0.00120793018
119.517779 0.0010240685
119.582032 0.000865355178
119.646285 0.000728849407
119.710538 0.000611869845
119.77479 0.000511985872
119.839043 0.000427006459
119.903296 0.000354967286
119.967548 0.000294116593
120.031801 0.000242900236
120.096054 0.000199946348
120.160306 0.000164049938
120.224559 0.000134157715
120.288812 0.000109353368
120.353064 8.88434789e-05
120.417317 7.19441989e-05
120.48157 5.80687929e-05
120.545822 4.67160993e-05
120.610075 3.74599397e-05
120.674328 2.99394813e-05
120.73858 2.38505361e-05
