# fraction_pct mean ci_low ci_high
0.000000 0.000000 0.000000 0.000000
1.010101 0.000000 0.000000 0.000000
2.020202 0.000000 0.000000 0.000000
3.030303 0.000000 0.000000 0.000000
4.040404 0.000000 0.000000 0.000000
5.050505 0.000000 0.000000 0.000000
6.060606 0.000000 0.000000 0.000000
7.070707 0.000000 0.000000 0.000000
8.080808 0.000000 0.000000 0.000000
9.090909 0.000000 0.000000 0.000000
10.101010 0.000000 0.000000 0.000000
11.111111 0.000000 0.000000 0.000000
12.121212 0.000000 0.000000 0.000000
13.131313 0.000000 0.000000 0.000000
14.141414 0.000000 0.000000 0.000000
15.151515 0.000000 0.000000 0.000000
16.161616 0.000000 0.000000 0.000000
17.171717 0.000000 0.000000 0.000000
18.181818 0.000000 0.000000 0.000000
19.191919 0.000000 0.000000 0.000000
20.202020 0.000000 0.000000 0.000000
21.212121 0.000000 0.000000 0.000000
22.222222 0.000000 0.000000 0.000000
23.232323 0.000000 0.000000 0.000000
24.242424 0.000000 0.000000 0.000000
25.252525 0.000000 0.000000 0.000000
26.262626 0.000000 0.000000 0.000000
27.272727 0.000000 0.000000 0.000000
28.282828 0.000000 0.000000 0.000000
29.292929 0.000000 0.000000 0.000000
30.303030 0.000000 0.000000 0.000000
31.313131 0.000000 0.000000 0.000000
32.323232 0.000000 0.000000 0.000000
33.333333 0.000000 0.000000 0.000000
34.343434 0.000000 0.000000 0.000000
35.353535 0.000000 0.000000 0.000000
36.363636 0.000255 0.000000 0.000910
37.373737 0.004468 0.000409 0.008526
38.383838 0.014984 0.002841 0.027128
39.393939 0.052954 0.036755 0.069152
40.404040 0.107919 0.081446 0.134391
41.414141 0.146805 0.127880 0.165730
42.424242 0.159492 0.158899 0.160085
43.434343 0.165688 0.150351 0.181024
44.444444 0.166337 0.149332 0.183342
45.454545 0.166337 0.149332 0.183342
46.464646 0.167298 0.150737 0.183859
47.474747 0.171490 0.152727 0.190253
48.484848 0.174860 0.155581 0.194138
49.494949 0.183608 0.167486 0.199729
50.505051 0.186942 0.172346 0.201537
51.515152 0.189663 0.181614 0.197712
52.525253 0.192243 0.190827 0.193659
53.535354 0.193050 0.192293 0.193808
54.545455 0.192781 0.192379 0.193182
55.555556 0.192512 0.192047 0.192978
56.565657 0.192512 0.192047 0.192978
57.575758 0.192442 0.191887 0.192996
58.585859 0.192442 0.191887 0.192996
59.595960 0.192442 0.191887 0.192996
60.606061 0.192442 0.191887 0.192996
61.616162 0.192442 0.191887 0.192996
62.626263 0.192442 0.191887 0.192996
63.636364 0.192442 0.191887 0.192996
64.646465 0.192442 0.191887 0.192996
65.656566 0.193966 0.189790 0.198143
66.666667 0.195865 0.186824 0.204905
67.676768 0.195929 0.186724 0.205134
68.686869 0.193936 0.189837 0.198034
69.696970 0.192266 0.191711 0.192820
70.707071 0.192215 0.191729 0.192701
71.717172 0.192215 0.191729 0.192701
72.727273 0.192215 0.191729 0.192701
73.737374 0.192215 0.191729 0.192701
74.747475 0.192215 0.191729 0.192701
75.757576 0.192215 0.191729 0.192701
76.767677 0.192215 0.191729 0.192701
77.777778 0.192125 0.191724 0.192527
78.787879 0.191997 0.191783 0.192211
79.797980 0.191919 0.191905 0.191934
80.808081 0.191914 0.191914 0.191914
81.818182 0.191914 0.191914 0.191914
82.828283 0.191914 0.191914 0.191914
83.838384 0.191914 0.191914 0.191914
84.848485 0.191914 0.191914 0.191914
85.858586 0.191914 0.191914 0.191914
86.868687 0.191914 0.191914 0.191914
87.878788 0.191914 0.191914 0.191914
88.888889 0.191914 0.191914 0.191914
89.898990 0.191914 0.191914 0.191914
90.909091 0.151928 0.146227 0.157629
91.919192 0.070064 0.064179 0.075948
92.929293 0.004585 0.004585 0.004586
93.939394 0.004585 0.004585 0.004586
94.949495 0.004585 0.004585 0.004586
95.959596 0.004585 0.004585 0.004586
96.969697 0.004585 0.004585 0.004586
97.979798 0.004585 0.004585 0.004586
98.989899 0.004585 0.004585 0.004586
100.000000 0.004585 0.004585 0.004586
