# fraction_pct mean ci_low ci_high
0.000000 0.009937 0.000000 0.023861
1.010101 0.071272 0.037211 0.105332
2.020202 0.119495 0.091944 0.147045
3.030303 0.158062 0.134653 0.181471
4.040404 0.192587 0.170526 0.214649
5.050505 0.225073 0.204757 0.245389
6.060606 0.255623 0.234855 0.276392
7.070707 0.285510 0.265185 0.305834
8.080808 0.314939 0.295120 0.334758
9.090909 0.342895 0.325720 0.360070
10.101010 0.366257 0.347646 0.384867
11.111111 0.385684 0.365688 0.405680
12.121212 0.397972 0.383518 0.412427
13.131313 0.404291 0.399456 0.409127
14.141414 0.410233 0.404801 0.415664
15.151515 0.413129 0.408512 0.417746
16.161616 0.414539 0.409980 0.419097
17.171717 0.422586 0.414362 0.430810
18.181818 0.433667 0.421179 0.446155
19.191919 0.443845 0.428111 0.459579
20.202020 0.458621 0.440623 0.476620
21.212121 0.472312 0.460037 0.484588
22.222222 0.481235 0.475531 0.486940
23.232323 0.487901 0.481402 0.494401
24.242424 0.493658 0.485911 0.501404
25.252525 0.499022 0.491614 0.506430
26.262626 0.504195 0.498784 0.509606
27.272727 0.511531 0.505590 0.517473
28.282828 0.517509 0.512077 0.522942
29.292929 0.526713 0.520832 0.532594
30.303030 0.538800 0.529498 0.548102
31.313131 0.554093 0.542839 0.565346
32.323232 0.566109 0.561194 0.571023
33.333333 0.579613 0.575277 0.583948
34.343434 0.592399 0.587656 0.597142
35.353535 0.624553 0.601992 0.647114
36.363636 0.668124 0.641846 0.694403
37.373737 0.736871 0.706565 0.767178
38.383838 0.814076 0.783407 0.844745
39.393939 0.866195 0.852296 0.880093
40.404040 0.888682 0.877156 0.900208
41.414141 0.901639 0.893316 0.909963
42.424242 0.907066 0.900238 0.913895
43.434343 0.910680 0.900691 0.920669
44.444444 0.912857 0.900611 0.925102
45.454545 0.913410 0.901399 0.925422
46.464646 0.915108 0.901637 0.928579
47.474747 0.916710 0.904474 0.928947
48.484848 0.918411 0.907071 0.929752
49.494949 0.920113 0.909145 0.931082
50.505051 0.923263 0.911775 0.934751
51.515152 0.927539 0.914363 0.940716
52.525253 0.930192 0.915660 0.944725
53.535354 0.931379 0.917389 0.945368
54.545455 0.933108 0.919793 0.946423
55.555556 0.933626 0.920644 0.946607
56.565657 0.933743 0.920645 0.946840
57.575758 0.934758 0.921168 0.948349
58.585859 0.934894 0.921432 0.948356
59.595960 0.934900 0.921439 0.948361
60.606061 0.934936 0.921479 0.948393
61.616162 0.934998 0.921535 0.948461
62.626263 0.935043 0.921583 0.948503
63.636364 0.935178 0.921845 0.948510
64.646465 0.935183 0.921851 0.948515
65.656566 0.936019 0.923203 0.948835
66.666667 0.936364 0.923682 0.949046
67.676768 0.936611 0.923910 0.949312
68.686869 0.937631 0.923706 0.951555
69.696970 0.937881 0.923896 0.951866
70.707071 0.939788 0.928288 0.951288
71.717172 0.940027 0.928389 0.951664
72.727273 0.940323 0.928583 0.952063
73.737374 0.941683 0.927610 0.955757
74.747475 0.941797 0.927704 0.955890
75.757576 0.941797 0.927704 0.955890
76.767677 0.941797 0.927704 0.955890
77.777778 0.945360 0.930525 0.960194
78.787879 0.948359 0.930528 0.966189
79.797980 0.949864 0.929026 0.970703
80.808081 0.950315 0.928833 0.971797
81.818182 0.950752 0.928794 0.972710
82.828283 0.951575 0.928425 0.974724
83.838384 0.951575 0.928425 0.974724
84.848485 0.951575 0.928425 0.974724
85.858586 0.951575 0.928425 0.974724
86.868687 0.951575 0.928425 0.974724
87.878788 0.951575 0.928425 0.974724
88.888889 0.951045 0.927341 0.974750
89.898990 0.950392 0.926013 0.974772
90.909091 0.747265 0.713508 0.781022
91.919192 0.332017 0.302453 0.361581
92.929293 0.000000 0.000000 0.000000
93.939394 0.000000 0.000000 0.000000
94.949495 0.000000 0.000000 0.000000
95.959596 0.000000 0.000000 0.000000
96.969697 0.000000 0.000000 0.000000
97.979798 0.000000 0.000000 0.000000
98.989899 0.000000 0.000000 0.000000
100.000000 0.000000 0.000000 0.000000
