# time_s density
0.856157969 0.00474110629
0.856441098 0.00578699974
0.856724227 0.00704587551
0.857007356 0.00855705256
0.857290485 0.0103662378
0.857573614 0.0125263881
0.857856743 0.0150986562
0.858139872 0.0181534203
0.858423001 0.0217714002
0.85870613 0.0260448581
0.858989259 0.0310788805
0.859272388 0.0369927378
0.859555517 0.0439213136
0.859838646 0.0520165934
0.860121775 0.0614492
0.860404904 0.0724099593
0.860688033 0.0851114754
0.860971162 0.099789692
0.861254291 0.116705412
0.86153742 0.136145742
0.861820549 0.158425428
0.862103678 0.183888037
0.862386807 0.212906946
0.862669936 0.245886088
0.862953065 0.283260401
0.863236193 0.325495927
0.863519322 0.37308952
0.863802451 0.426568072
0.86408558 0.486487248
0.864368709 0.553429631
0.864651838 0.628002254
0.864934967 0.71083346
0.865218096 0.802569052
0.865501225 0.903867698
0.865784354 1.01539556
0.866067483 1.13782017
0.866350612 1.27180346
0.866633741 1.4179941
0.86691687 1.57701907
0.867199999 1.74947452
0.867483128 1.93591605
0.867766257 2.13684841
0.868049386 2.35271482
0.868332515 2.58388599
0.868615644 2.83064889
0.868898773 3.09319565
0.869181902 3.37161255
0.869465031 3.66586944
0.86974816 3.97580972
0.870031289 4.3011411
0.870314418 4.64142738
0.870597546 4.9960815
0.870880675 5.36436
0.871163804 5.74535911
0.871446933 6.13801276
0.871730062 6.54109251
0.872013191 6.9532098
0.87229632 7.37282033
0.872579449 7.79823095
0.872862578 8.22760898
0.873145707 8.65899392
0.873428836 9.09031167
0.873711965 9.51939104
0.873995094 9.94398259
0.874278223 10.3617795
0.874561352 10.7704401
0.874844481 11.1676126
0.87512761 11.5509605
0.875410739 11.9181892
0.875693868 12.2670736
0.875976997 12.5954852
0.876260126 12.9014203
0.876543255 13.1830261
0.876826384 13.438627
0.877109513 13.6667492
0.877392642 13.8661433
0.87767577 14.0358049
0.877958899 14.1749931
0.878242028 14.2832454
0.878525157 14.36039
0.878808286 14.406555
0.879091415 14.4221734
0.879374544 14.4079855
0.879657673 14.3650364
0.879940802 14.2946711
0.880223931 14.1985248
0.88050706 14.0785107
0.880790189 13.9368038
0.881073318 13.7758215
0.881356447 13.5982022
0.881639576 13.40678
0.881922705 13.2045584
0.882205834 12.9946813
0.882488963 12.7804029
0.882772092 12.5650566
0.883055221 12.3520231
0.88333835 12.1446978
0.883621479 11.9464596
0.883904608 11.7606389
0.884187737 11.5904878
0.884470866 11.4391502
0.884753995 11.3096353
0.885037123 11.2047912
0.885320252 11.1272825
0.885603381 11.0795689
0.88588651 11.0638877
0.886169639 11.0822376
0.886452768 11.1363674
0.886735897 11.2277655
0.887019026 11.3576545
0.887302155 11.5269868
0.887585284 11.7364449
0.887868413 11.9864435
0.888151542 12.2771343
0.888434671 12.6084139
0.8887178 12.9799335
0.889000929 13.3911109
0.889284058 13.8411447
0.889567187 14.3290292
0.889850316 14.8535712
0.890133445 15.4134078
0.890416574 16.0070245
0.890699703 16.6327734
0.890982832 17.2888922
0.891265961 17.9735218
0.89154909 18.6847238
0.891832219 19.4204972
0.892115348 20.178793
0.892398476 20.9575286
0.892681605 21.7545988
0.892964734 22.5678869
0.893247863 23.3952718
0.893530992 24.2346344
0.893814121 25.0838615
0.89409725 25.9408472
0.894380379 26.8034924
0.894663508 27.669703
0.894946637 28.5373854
0.895229766 29.404441
0.895512895 30.2687595
0.895796024 31.1282111
0.896079153 31.9806382
0.896362282 32.8238463
0.896645411 33.6555965
0.89692854 34.4735968
0.897211669 35.2754958
0.897494798 36.058877
0.897777927 36.8212551
0.898061056 37.5600746
0.898344185 38.2727102
0.898627314 38.9564707
0.898910443 39.608605
0.899193572 40.2263117
0.899476701 40.8067516
0.899759829 41.3470628
0.900042958 41.8443798
0.900326087 42.2958546
0.900609216 42.6986806
0.900892345 43.050119
0.901175474 43.3475273
0.901458603 43.5883887
0.901741732 43.770343
0.902024861 43.891218
0.90230799 43.9490603
0.902591119 43.9421664
0.902874248 43.8691114
0.903157377 43.7287771
0.903440506 43.5203761
0.903723635 43.2434748
0.904006764 42.8980114
0.904289893 42.4843112
0.904573022 42.0030965
0.904856151 41.4554929
0.90513928 40.8430303
0.905422409 40.1676395
0.905705538 39.4316428
0.905988667 38.637741
0.906271796 37.7889947
0.906554925 36.8888011
0.906838053 35.9408675
0.907121182 34.9491795
0.907404311 33.917967
0.90768744 32.8516665
0.907970569 31.7548817
0.908253698 30.632342
0.908536827 29.48886
0.908819956 28.329288
0.909103085 27.158476
0.909386214 25.9812288
0.909669343 24.8022654
0.909952472 23.6261804
0.910235601 22.4574071
0.91051873 21.3001841
0.910801859 20.158525
0.911084988 19.0361911
0.911368117 17.9366688
0.911651246 16.8631507
0.911934375 15.8185199
0.912217504 14.8053401
0.912500633 13.8258483
0.912783762 12.8819522
0.913066891 11.9752314
0.91335002 11.106942
0.913633149 10.2780246
0.913916278 9.48911549
0.914199406 8.74056021
0.914482535 8.03242999
0.914765664 7.36453962
0.915048793 6.73646721
0.915331922 6.14757509
0.915615051 5.59703159
0.91589818 5.08383324
0.916181309 4.60682717
0.916464438 4.16473335
0.916747567 3.75616633
0.917030696 3.37965632
0.917313825 3.03366933
0.917596954 2.71662618
0.917880083 2.42692026
0.918163212 2.16293387
0.918446341 1.92305318
0.91872947 1.70568151
0.919012599 1.50925122
0.919295728 1.33223395
0.919578857 1.17314935
0.919861986 1.0305724
0.920145115 0.903139233
0.920428244 0.789551692
0.920711373 0.68858063
0.920994502 0.599068072
0.921277631 0.519928353
0.921560759 0.450148332
0.921843888 0.388786802
0.922127017 0.334973197
0.922410146 0.287905703
0.922693275 0.246848889
0.922976404 0.211130926
0.923259533 0.180140516
0.923542662 0.153323584
0.923825791 0.130179833
0.92410892 0.110259202
0.924392049 0.0931583116
0.924675178 0.078516921
0.924958307 0.066014463
0.925241436 0.0553666734
0.925524565 0.046322353
0.925807694 0.0386602812
0.926090823 0.032186297
0.926373952 0.0267305591
0.926657081 0.0221449923
0.92694021 0.0183009209
0.927223339 0.0150868909
0.927506468 0.0124066763
0.927789597 0.0101774637
0.928072726 0.00832820896
0.928355855 0.00679815651
