# time_s density
142.850574 5.22748232e-05
142.894044 7.3148922e-05
142.937514 0.000101623265
142.980984 0.000140167785
143.024453 0.000191943377
143.067923 0.000260956373
143.111393 0.000352235025
143.154863 0.0004720272
143.198333 0.00062801695
143.241802 0.000829555717
143.285272 0.00108790159
143.328742 0.00141645739
143.372212 0.00183099549
143.415681 0.00234985405
143.459151 0.0029940866
143.502621 0.00378754395
143.546091 0.00475686536
143.58956 0.00593135466
143.63303 0.00734271685
143.6765 0.00902463247
143.71997 0.0110121501
143.763439 0.013340883
143.806909 0.0160460036
143.850379 0.0191610389
143.893849 0.0227164819
143.937319 0.0267382484
143.980788 0.0312460189
144.024258 0.0362515258
144.067728 0.0417568521
144.111198 0.0477528261
144.154667 0.0542175984
144.198137 0.0611154976
144.241607 0.0683962538
144.285077 0.075994678
144.328546 0.0838308681
144.372016 0.0918109956
144.415486 0.0998287008
144.458956 0.107767098
144.502425 0.115501355
144.545895 0.122901791
144.589365 0.129837382
144.632835 0.13617956
144.676305 0.141806151
144.719774 0.146605295
144.763244 0.150479158
144.806714 0.153347295
144.850184 0.155149478
144.893653 0.155847877
144.937123 0.155428479
144.980593 0.153901684
145.024063 0.151302051
145.067532 0.147687216
145.111002 0.143136037
145.154472 0.137746074
145.197942 0.131630526
145.241411 0.124914787
145.284881 0.117732779
145.328351 0.11022325
145.371821 0.102526182
145.415291 0.0947794746
145.45876 0.0871160138
145.50223 0.0796612363
145.5457 0.0725312339
145.58917 0.0658314309
145.632639 0.0596558221
145.676109 0.0540867282
145.719579 0.0491950009
145.763049 0.0450405875
145.806518 0.0416733531
145.849988 0.0391340532
145.893458 0.0374553499
145.936928 0.0366627774
145.980397 0.0367755748
146.023867 0.0378073267
146.067337 0.0397663736
146.110807 0.0426559808
146.154276 0.0464742769
146.197746 0.0512139966
146.241216 0.0568620814
146.284686 0.0633992045
146.328156 0.0707992936
146.371625 0.0790291293
146.415095 0.0880480859
146.458565 0.097808074
146.502035 0.108253725
146.545504 0.119322831
146.588974 0.130947043
146.632444 0.143052784
146.675914 0.155562329
146.719383 0.16839498
146.762853 0.181468245
146.806323 0.194698928
146.849793 0.208004048
146.893262 0.221301503
146.936732 0.234510423
146.980202 0.247551184
147.023672 0.260345095
147.067142 0.272813779
147.110611 0.284878333
147.154081 0.296458375
147.197551 0.307471089
147.241021 0.317830419
147.28449 0.327446557
147.32796 0.336225847
147.37143 0.344071218
147.4149 0.350883231
147.458369 0.356561747
147.501839 0.361008232
147.545309 0.364128598
147.588779 0.365836487
147.632248 0.366056821
147.675718 0.364729447
147.719188 0.361812635
147.762658 0.357286237
147.806128 0.351154288
147.849597 0.343446866
147.893067 0.334221063
147.936537 0.323560983
147.980007 0.311576709
148.023476 0.298402269
148.066946 0.28419267
148.110416 0.26912013
148.153886 0.253369671
148.197355 0.237134277
148.240825 0.220609845
148.284295 0.203990141
148.327765 0.187461982
148.371234 0.171200843
148.414704 0.155367051
148.458174 0.140102679
148.501644 0.125529251
148.545114 0.111746263
148.588583 0.0988305414
148.632053 0.0868363777
148.675523 0.0757963723
148.718993 0.0657228819
148.762462 0.0566099498
148.805932 0.0484355924
148.849402 0.0411643105
148.892872 0.0347497024
148.936341 0.029137065
148.979811 0.0242658881
149.023281 0.0200721613
149.066751 0.0164904373
149.11022 0.0134556121
149.15369 0.0109044019
149.19716 0.00877651394
149.24063 0.00701552188
149.2841 0.00556946623
149.327569 0.00439121048
149.371039 0.00343858664
149.414509 0.00267436726
149.457979 0.00206610099
149.501448 0.00158584704
149.544918 0.00120984112
149.588388 0.000918121579
149.631858 0.000694140277
149.675327 0.000524378362
149.718797 0.000397983053
149.762267 0.000306437553
149.805737 0.000243272977
149.849206 0.000203828266
149.892676 0.000185061758
149.936146 0.000185416171
149.979616 0.000204737251
150.023086 0.000244245056
150.066555 0.000306555695
150.110025 0.000395750209
150.153495 0.000517486007
150.196965 0.000679144798
150.240434 0.000890009185
150.283904 0.00116145804
150.327374 0.00150716834
150.370844 0.0019433086
150.414313 0.00248870627
150.457783 0.00316496867
150.501253 0.00399653506
150.544723 0.00501063525
150.588192 0.0062371296
150.631662 0.00770820572
150.675132 0.00945790918
150.718602 0.0115214894
150.762071 0.013934548
150.805541 0.0167319855
150.849011 0.0199467513
150.892481 0.0236084161
150.935951 0.0277415963
150.97942 0.0323642789
151.02289 0.0374861029
151.06636 0.0431066741
151.10983 0.0492139924
151.153299 0.055783086
151.196769 0.0627749436
151.240239 0.0701358366
151.283709 0.0777971141
151.327178 0.0856755394
151.370648 0.093674215
151.414118 0.101684119
151.457588 0.109586248
151.501057 0.117254315
151.544527 0.124557955
151.587997 0.131366297
151.631467 0.137551807
151.674937 0.142994225
151.718406 0.147584433
151.761876 0.151228087
151.805346 0.153848838
151.848816 0.155390992
151.892285 0.155821475
151.935755 0.155131016
151.979225 0.153334477
152.022695 0.150470323
152.066164 0.146599248
152.109634 0.141802043
152.153104 0.136176788
152.196574 0.129835526
152.240043 0.122900557
152.283513 0.11550054
152.326983 0.107766563
152.370453 0.0998283532
152.413923 0.0918107711
152.457392 0.0838307241
152.500862 0.0759945862
152.544332 0.0683961958
152.587802 0.0611154612
152.631271 0.0542175757
152.674741 0.047752812
152.718211 0.0417568435
152.761681 0.0362515205
152.80515 0.0312460158
152.84862 0.0267382465
152.89209 0.0227164808
152.93556 0.0191610382
152.979029 0.0160460032
153.022499 0.0133408828
153.065969 0.01101215
153.109439 0.00902463239
153.152909 0.0073427168
153.196378 0.00593135463
153.239848 0.00475686535
153.283318 0.00378754394
153.326788 0.00299408659
153.370257 0.00234985404
153.413727 0.00183099549
153.457197 0.00141645739
153.500667 0.00108790159
153.544136 0.000829555716
153.587606 0.00062801695
153.631076 0.0004720272
153.674546 0.000352235025
153.718015 0.000260956373
153.761485 0.000191943377
153.804955 0.000140167785
153.848425 0.000101623265
153.891895 7.3148922e-05
153.935364 5.22748232e-05
