# fraction_pct mean ci_low ci_high
0.000000 2.166413 0.000000 7.736263
1.010101 8.111242 0.000000 23.307452
2.020202 10.100738 0.000000 26.546879
3.030303 18.991776 7.582857 30.400694
4.040404 52.565167 38.181940 66.948394
5.050505 87.256131 53.005247 121.507015
6.060606 93.571082 67.094592 120.047573
7.070707 99.271643 75.039420 123.503865
8.080808 101.209671 81.478579 120.940762
9.090909 103.134501 87.580500 118.688501
10.101010 104.982120 92.877477 117.086763
11.111111 106.819537 97.001141 116.637934
12.121212 107.522560 90.321689 124.723432
13.131313 83.093722 47.804805 118.382639
14.141414 65.786356 28.454938 103.117773
15.151515 58.571444 16.390727 100.752162
16.161616 42.887811 30.382027 55.393595
17.171717 39.668839 31.003934 48.333743
18.181818 33.407388 33.288761 33.526015
19.191919 33.453534 33.453514 33.453554
20.202020 33.685767 33.208281 34.163253
21.212121 33.554107 33.540941 33.567273
22.222222 33.543514 33.510421 33.576607
23.232323 33.532852 33.492208 33.573496
24.242424 33.570582 33.546747 33.594417
25.252525 33.658496 33.454619 33.862373
26.262626 33.578810 33.323950 33.833670
27.272727 33.423638 33.264577 33.582698
28.282828 33.467744 33.310177 33.625312
29.292929 33.303456 33.141776 33.465136
30.303030 33.337902 33.160508 33.515295
31.313131 33.298985 33.129277 33.468694
32.323232 33.163494 33.078512 33.248476
33.333333 33.178092 33.068545 33.287639
34.343434 33.169145 33.049039 33.289252
35.353535 33.163562 33.035921 33.291204
36.363636 33.133550 33.019314 33.247786
37.373737 33.136665 33.005813 33.267518
38.383838 33.136665 33.005813 33.267518
39.393939 33.137554 33.007768 33.267340
40.404040 33.107845 33.000828 33.214862
41.414141 33.107841 33.000820 33.214863
42.424242 33.108408 33.002028 33.214787
43.434343 33.107184 32.999399 33.214970
44.444444 33.107501 33.000087 33.214916
45.454545 33.076789 33.025761 33.127816
46.464646 33.076050 33.023923 33.128176
47.474747 33.076210 33.024325 33.128095
48.484848 33.076210 33.024327 33.128094
49.494949 33.075806 33.023307 33.128305
50.505051 33.075888 33.023516 33.128261
51.515152 33.075684 33.022995 33.128372
52.525253 33.078996 33.022850 33.135142
53.535354 33.079038 33.022958 33.135119
54.545455 33.078934 33.022691 33.135176
55.555556 33.066440 33.016278 33.116602
56.565657 33.072386 33.021765 33.123006
57.575758 33.067880 33.017985 33.117775
58.585859 33.063004 33.011033 33.114974
59.595960 33.063898 33.012534 33.115263
60.606061 33.049113 33.011207 33.087020
61.616162 33.054470 33.008593 33.100347
62.626263 33.037016 33.022120 33.051911
63.636364 33.035785 33.020456 33.051115
64.646465 33.038479 33.019511 33.057446
65.656566 33.030630 33.023546 33.037715
66.666667 33.030785 33.023774 33.037796
67.676768 33.032247 33.022897 33.041597
68.686869 33.028407 33.024507 33.032308
69.696970 33.028807 33.024646 33.032969
70.707071 33.029169 33.023706 33.034631
71.717172 33.027250 33.025033 33.029467
72.727273 33.027411 33.025057 33.029765
73.737374 33.027624 33.024518 33.030729
74.747475 33.026504 33.025323 33.027685
75.757576 33.026534 33.025251 33.027817
76.767677 33.026502 33.024919 33.028084
77.777778 33.026080 33.025481 33.026679
78.787879 33.026113 33.025474 33.026751
79.797980 33.026097 33.025302 33.026893
80.808081 33.025878 33.025581 33.026175
81.818182 33.025698 33.025682 33.025714
82.828283 33.025688 33.025674 33.025702
83.838384 33.025688 33.025673 33.025703
84.848485 33.025689 33.025675 33.025703
85.858586 33.025687 33.025672 33.025702
86.868687 33.025687 33.025672 33.025703
87.878788 33.025688 33.025673 33.025702
88.888889 33.025687 33.025671 33.025702
89.898990 33.025686 33.025671 33.025702
90.909091 33.025687 33.025672 33.025702
91.919192 33.025686 33.025671 33.025702
92.929293 33.025686 33.025670 33.025701
93.939394 33.025686 33.025671 33.025701
94.949495 33.025686 33.025670 33.025701
95.959596 33.025686 33.025670 33.025701
96.969697 33.025686 33.025671 33.025701
97.979798 33.025685 33.025670 33.025701
98.989899 26.431984 9.479581 43.384387
100.000000 0.057183 0.057182 0.057184
