# fraction_pct mean ci_low ci_high
0.000000 2.500741 0.000000 8.926114
1.010101 5.063069 0.000000 13.175519
2.020202 4.417835 0.000000 11.374006
3.030303 12.635176 11.337015 13.933338
4.040404 11.797025 11.368284 12.225765
5.050505 11.903032 10.653100 13.152965
6.060606 11.385654 11.016793 11.754515
7.070707 11.406572 11.052536 11.760607
8.080808 11.237543 10.674143 11.800942
9.090909 11.369543 11.001968 11.737117
10.101010 11.395803 11.040398 11.751209
11.111111 11.407846 11.053830 11.761863
12.121212 11.397742 11.043670 11.751813
13.131313 8.520125 4.147939 12.892310
14.141414 7.336056 3.060873 11.611238
15.151515 7.503930 4.235751 10.772109
16.161616 6.405562 4.235909 8.575215
17.171717 6.184330 3.839186 8.529474
18.181818 7.934914 5.750490 10.119337
19.191919 8.744255 7.712151 9.776358
20.202020 10.233049 7.869313 12.596785
21.212121 8.866531 7.147698 10.585363
22.222222 8.397189 7.427811 9.366567
23.232323 9.020381 7.501046 10.539716
24.242424 8.760403 7.449271 10.071535
25.252525 8.541813 7.186037 9.897588
26.262626 8.933658 7.776608 10.090708
27.272727 8.775689 7.731884 9.819494
28.282828 8.376696 7.647113 9.106280
29.292929 8.496113 7.667338 9.324888
30.303030 8.749536 8.298457 9.200616
31.313131 7.981299 7.094613 8.867985
32.323232 8.166514 7.344749 8.988278
33.333333 8.044743 7.024821 9.064665
34.343434 7.961802 7.064308 8.859296
35.353535 7.979188 7.059142 8.899235
36.363636 8.030952 7.202767 8.859137
37.373737 7.903539 6.992432 8.814646
38.383838 7.906607 6.991400 8.821814
39.393939 7.903430 6.992370 8.814489
40.404040 7.930458 7.048228 8.812687
41.414141 7.931783 7.047846 8.815720
42.424242 7.928615 7.049051 8.808179
43.434343 7.928423 7.049033 8.807812
44.444444 7.928186 7.049123 8.807248
45.454545 7.980460 7.164315 8.796604
46.464646 7.979983 7.164408 8.795558
47.474747 7.979861 7.164523 8.795199
48.484848 7.979185 7.164774 8.793596
49.494949 7.978646 7.165028 8.792265
50.505051 7.978670 7.164920 8.792419
51.515152 7.978394 7.164971 8.791817
52.525253 7.995206 7.199477 8.790935
53.535354 7.994869 7.199626 8.790113
54.545455 7.994259 7.199641 8.788876
55.555556 7.937780 7.066657 8.808903
56.565657 7.949316 7.094558 8.804073
57.575758 7.929938 7.045708 8.814168
58.585859 7.933991 7.054802 8.813180
59.595960 7.875764 6.946313 8.805216
60.606061 7.851247 6.902792 8.799702
61.616162 7.847015 6.895320 8.798709
62.626263 7.819489 6.842590 8.796388
63.636364 7.833244 6.868842 8.797646
64.646465 7.826769 6.858827 8.794711
65.656566 7.812179 6.830537 8.793820
66.666667 7.815087 6.836728 8.793446
67.676768 7.809495 6.826112 8.792878
68.686869 7.804132 6.816745 8.791520
69.696970 7.804213 6.817044 8.791383
70.707071 7.803649 6.816236 8.791063
71.717172 7.798508 6.806369 8.790647
72.727273 7.795559 6.801134 8.789983
73.737374 7.792212 6.793959 8.790466
74.747475 7.789896 6.789468 8.790324
75.757576 7.786807 6.783018 8.790597
76.767677 7.783981 6.778445 8.789517
77.777778 7.781013 6.772115 8.789910
78.787879 7.778997 6.769033 8.788962
79.797980 7.778915 6.769509 8.788321
80.808081 7.777666 6.766666 8.788666
81.818182 7.766690 6.743423 8.789957
82.828283 7.755423 6.720395 8.790452
83.838384 7.754487 6.719401 8.789573
84.848485 7.752724 6.714636 8.790811
85.858586 7.752013 6.712764 8.791263
86.868687 7.752783 6.715520 8.790046
87.878788 7.753328 6.715907 8.790749
88.888889 7.752450 6.713735 8.791165
89.898990 7.750826 6.710465 8.791188
90.909091 7.749372 6.708061 8.790682
91.919192 7.750298 6.709673 8.790924
92.929293 7.750227 6.709709 8.790744
93.939394 7.748508 6.707373 8.789643
94.949495 7.748357 6.706372 8.790342
95.959596 7.747098 6.703496 8.790700
96.969697 7.747168 6.705723 8.788612
97.979798 7.745737 6.702115 8.789358
98.989899 6.350475 2.166399 10.534552
100.000000 0.000000 0.000000 0.000000
