# time_s density
2391.72999 5.31868449e-07
2395.67033 7.25253228e-07
2399.61066 9.82907553e-07
2403.551 1.32395503e-06
2407.49134 1.77243923e-06
2411.43167 2.35834335e-06
2415.37201 3.11874792e-06
2419.31235 4.09912415e-06
2423.25268 5.35475284e-06
2427.19302 6.95224946e-06
2431.13336 8.97116458e-06
2435.07369 1.15056156e-05
2439.01403 1.46658911e-05
2442.95437 1.8579953e-05
2446.8947 2.33947456e-05
2450.83504 2.92772042e-05
2454.77538 3.64148426e-05
2458.71571 4.50157855e-05
2462.65605 5.53081062e-05
2466.59639 6.75383279e-05
2470.53673 8.1968952e-05
2474.47706 9.88748921e-05
2478.4174 0.000118538718
2482.35774 0.000141244646
2486.29807 0.00016727126
2490.23841 0.000196883006
2494.17875 0.00023032056
2498.11908 0.000267790249
2502.05942 0.000309452786
2505.99976 0.000355411622
2509.94009 0.000405701354
2513.88043 0.000460276615
2517.82077 0.000519001968
2521.7611 0.000581643355
2525.70144 0.000647861613
2529.64178 0.000717208604
2533.58211 0.000789126402
2537.52245 0.00086294993
2541.46279 0.000937913311
2545.40312 0.00101316007
2549.34346 0.00108775714
2553.2838 0.00116071256
2557.22413 0.00123099629
2561.16447 0.00129756393
2565.10481 0.00135938227
2569.04514 0.00141545615
2572.98548 0.00146485558
2576.92582 0.00150674211
2580.86615 0.00154039355
2584.80649 0.00156522609
2588.74683 0.00158081297
2592.68716 0.00158689886
2596.6275 0.0015834097
2600.56784 0.00157045734
2604.50817 0.00154833912
2608.44851 0.00151753233
2612.38885 0.00147868395
2616.32919 0.00143259625
2620.26952 0.00138020881
2624.20986 0.00132257787
2628.1502 0.00126085383
2632.09053 0.00119625791
2636.03087 0.00113005875
2639.97121 0.00106354977
2643.91154 0.000998028012
2647.85188 0.00093477493
2651.79222 0.000875039542
2655.73255 0.000820023996
2659.67289 0.000770871585
2663.61323 0.000728656974
2667.55356 0.000694378255
2671.4939 0.000668950391
2675.43424 0.000653199468
2679.37457 0.000647857228
2683.31491 0.000653555329
2687.25525 0.00067081891
2691.19558 0.000700059121
2695.13592 0.000741564498
2699.07626 0.000795491192
2703.01659 0.00086185232
2706.95693 0.000940506886
2710.89727 0.0010311489
2714.8376 0.00113329753
2718.77794 0.00124628912
2722.71828 0.00136927217
2726.65861 0.00150120616
2730.59895 0.00164086507
2734.53929 0.00178684648
2738.47962 0.00193758661
2742.41996 0.0020913817
2746.3603 0.0022464156
2750.30063 0.00240079307
2754.24097 0.00255257827
2758.18131 0.00269983702
2762.12165 0.0028406817
2766.06198 0.00297331697
2770.00232 0.00309608451
2773.94266 0.00320750496
2777.88299 0.00330631514
2781.82333 0.00339149884
2785.76367 0.0034623097
2789.704 0.00351828507
2793.64434 0.00355925008
2797.58468 0.00358531168
2801.52501 0.00359684287
2805.46535 0.00359445786
2809.40569 0.00357897935
2813.34602 0.00355139941
2817.28636 0.00351283598
2821.2267 0.00346448702
2825.16703 0.00340758443
2829.10737 0.00334334997
2833.04771 0.00327295512
2836.98804 0.00319748657
2840.92838 0.00311791878
2844.86872 0.0030350944
2848.80905 0.00294971317
2852.74939 0.00286232924
2856.68973 0.00277335637
2860.63006 0.00268308025
2864.5704 0.00259167667
2868.51074 0.00249923408
2872.45107 0.00240577894
2876.39141 0.00231130216
2880.33175 0.00221578505
2884.27208 0.00211922326
2888.21242 0.00202164753
2892.15276 0.00192314017
2896.09309 0.00182384671
2900.03343 0.00172398234
2903.97377 0.00162383313
2907.91411 0.00152375237
2911.85444 0.00142415254
2915.79478 0.00132549373
2919.73512 0.00122826931
2923.67545 0.00113298995
2927.61579 0.00104016688
2931.55613 0.000950295366
2935.49646 0.000863839263
2939.4368 0.000781217329
2943.37714 0.000702791862
2947.31747 0.000628860027
2951.25781 0.000559648082
2955.19815 0.000495308521
2959.13848 0.000435920015
2963.07882 0.000381489915
2967.01916 0.00033195896
2970.95949 0.000287207798
2974.89983 0.000247064871
2978.84017 0.000211315214
2982.7805 0.000179709746
2986.72084 0.00015197466
2990.66118 0.000127820569
2994.60151 0.00010695115
2998.54185 8.9071061e-05
3002.48219 7.38930172e-05
3006.42252 6.11439286e-05
3010.36286 5.05701e-05
3014.3032 4.19415127e-05
3018.24353 3.50552539e-05
3022.18387 2.97381828e-05
3026.12421 2.58489331e-05
3030.06454 2.32793527e-05
3034.00488 2.19554756e-05
3037.94522 2.18381004e-05
3041.88556 2.29230307e-05
3045.82589 2.5241002e-05
3049.76623 2.88572909e-05
3053.70657 3.38709719e-05
3057.6469 4.04137574e-05
3061.58724 4.86483314e-05
3065.52758 5.87660693e-05
3069.46791 7.09840218e-05
3073.40825 8.55410429e-05
3077.34859 0.000102692944
3081.28892 0.000122706587
3085.22926 0.00014585284
3089.1696 0.000172398407
3093.10993 0.000202596531
3097.05027 0.000236676717
3100.99061 0.00027483362
3104.93094 0.000317215367
3108.87128 0.000363911644
3112.81162 0.00041494194
3116.75195 0.000470244416
3120.69229 0.000529665904
3124.63263 0.000592953573
3128.57296 0.00065974878
3132.5133 0.00072958363
3136.45364 0.000801880677
3140.39397 0.000875956127
3144.33431 0.000951026792
3148.27465 0.00102622089
3152.21498 0.00110059261
3156.15532 0.00117314029
3160.09566 0.00124282762
3164.03599 0.00130860755
3167.97633 0.00136944791
3171.91667 0.00142435807
3175.857 0.00147241559
3179.79734 0.00151279192
3183.73768 0.00154477612
3187.67802 0.00156779566
3191.61835 0.00158143348
3195.55869 0.00158544054
3199.49903 0.0015797434
3203.43936 0.00156444644
3207.3797 0.00153982869
3211.32004 0.00150633538
3215.26037 0.0014645645
3219.20071 0.00141524911
3223.14105 0.0013592359
3227.08138 0.00129746109
3231.02172 0.00123092448
3234.96206 0.00116066271
3238.90239 0.00108772276
3242.84273 0.00101313649
3246.78307 0.000937897247
3250.7234 0.000862939051
3254.66374 0.000789119079
3258.60408 0.000717203705
3262.54441 0.000647858355
3266.48475 0.000581641202
3270.42509 0.000519000554
3274.36542 0.000460275692
3278.30576 0.000405700756
3282.2461 0.000355411236
3286.18643 0.000309452538
3290.12677 0.000267790092
3294.06711 0.00023032046
3298.00744 0.000196882943
3301.94778 0.000167271221
3305.88812 0.000141244621
3309.82845 0.000118538703
3313.76879 9.88748828e-05
3317.70913 8.19689463e-05
3321.64946 6.75383245e-05
3325.5898 5.53081041e-05
3329.53014 4.50157842e-05
3333.47048 3.64148419e-05
3337.41081 2.92772038e-05
3341.35115 2.33947454e-05
3345.29149 1.85799529e-05
3349.23182 1.4665891e-05
3353.17216 1.15056156e-05
3357.1125 8.97116455e-06
3361.05283 6.95224945e-06
3364.99317 5.35475283e-06
3368.93351 4.09912414e-06
3372.87384 3.11874792e-06
3376.81418 2.35834335e-06
3380.75452 1.77243923e-06
3384.69485 1.32395503e-06
3388.63519 9.82907552e-07
3392.57553 7.25253228e-07
3396.51586 5.31868448e-07
