# time_s density
951.949267 2.63397213e-06
952.730447 3.57164245e-06
953.511627 4.81458624e-06
954.292807 6.45184967e-06
955.073987 8.59496045e-06
955.855167 1.13825093e-05
956.636347 1.49853459e-05
957.417527 1.96123809e-05
958.198707 2.55169547e-05
958.979888 3.30036955e-05
959.761068 4.2435739e-05
960.542248 5.42421322e-05
961.323428 6.89251774e-05
962.104608 8.70674105e-05
962.885788 0.000109337837
963.666968 0.000136496984
964.448148 0.000169400263
965.229328 0.000208999098
966.010509 0.000256339219
966.791689 0.000312555546
967.572869 0.000378863072
968.354049 0.000456543244
969.135229 0.000546925416
969.916409 0.000651363099
970.697589 0.000771204923
971.478769 0.000907760464
972.259949 0.00106226134
973.04113 0.00123581833
973.82231 0.00142937551
974.60349 0.00164366292
975.38467 0.00187914924
976.16585 0.00213599675
976.94703 0.00241402048
977.72821 0.00271265417
978.50939 0.00303092528
979.29057 0.00336744138
980.071751 0.00372039015
980.852931 0.00408755459
981.634111 0.00446634483
982.415291 0.00485384713
983.196471 0.00524688991
983.977651 0.00564212597
984.758831 0.00603612907
985.540011 0.00642550204
986.321191 0.00680699307
987.102372 0.00717761571
987.883552 0.00753476777
988.664732 0.00787634374
989.445912 0.00820083527
990.227092 0.00850741419
991.008272 0.00879599313
991.789452 0.00906725925
992.570632 0.00932267757
993.351812 0.00956446175
994.132992 0.00979551113
994.914173 0.0100193149
995.695353 0.0102398255
996.476533 0.0104613046
997.257713 0.0106881482
998.038893 0.0109246952
998.820073 0.0111750299
999.601253 0.0114427847
1000.38243 0.0117309518
1001.16361 0.012041715
1001.94479 0.0123763063
1002.72597 0.0127348977
1003.50715 0.0131165321
1004.28833 0.0135190992
1005.06951 0.013939357
1005.85069 0.014373001
1006.63187 0.0148147782
1007.41305 0.0152586415
1008.19423 0.0156979391
1008.97541 0.0161256303
1009.75659 0.0165345194
1010.53777 0.0169174966
1011.31895 0.0172677751
1012.10014 0.0175791155
1012.88132 0.0178460254
1013.6625 0.0180639273
1014.44368 0.0182292868
1015.22486 0.018339697
1016.00604 0.0183939142
1016.78722 0.0183918479
1017.5684 0.0183345032
1018.34958 0.0182238835
1019.13076 0.0180628564
1019.91194 0.0178549934
1020.69312 0.0176043906
1021.4743 0.0173154804
1022.25548 0.0169928445
1023.03666 0.0166410367
1023.81784 0.0162644236
1024.59902 0.0158670508
1025.3802 0.0154525395
1026.16138 0.0150240163
1026.94256 0.0145840774
1027.72374 0.0141347871
1028.50492 0.0136777074
1029.2861 0.0132139542
1030.06728 0.0127442753
1030.84846 0.012269143
1031.62964 0.0117888559
1032.41082 0.0113036413
1033.192 0.0108137531
1033.97318 0.0103195592
1034.75436 0.00982161423
1035.53554 0.00932071275
1036.31672 0.008817923
1037.0979 0.00831459883
1037.87908 0.00781237119
1038.66026 0.00731312073
1039.44144 0.00681893422
1040.22262 0.00633204826
1041.0038 0.00585478408
1041.78498 0.00538947753
1042.56616 0.00493840825
1043.34734 0.00450373171
1044.12852 0.00408741743
1044.9097 0.00369119591
1045.69088 0.00331651625
1046.47206 0.00296451579
1047.25324 0.00263600202
1048.03442 0.00233144683
1048.8156 0.00205099218
1049.59678 0.00179446601
1050.37796 0.00156140689
1051.15914 0.00135109538
1051.94032 0.00116259046
1052.7215 0.000994768826
1053.50268 0.000846365536
1054.28386 0.000716014115
1055.06504 0.000602284907
1055.84622 0.000503720453
1056.6274 0.000418867099
1057.40858 0.000346302257
1058.18976 0.000284657034
1058.97094 0.000232634171
1059.75212 0.000189021438
1060.5333 0.000152700777
1061.31448 0.00012265364
1062.09566 9.79630014e-05
1062.87684 7.78126116e-05
1063.65802 6.14840385e-05
1064.4392 4.83520562e-05
1065.22038 3.787889e-05
1066.00156 2.96077911e-05
1066.78274 2.31563554e-05
1067.56392 1.82099443e-05
1068.3451 1.45155079e-05
1069.12628 1.18760518e-05
1069.90746 1.01459411e-05
1070.68864 9.22718652e-06
1071.46982 9.06681599e-06
1072.251 9.65540097e-06
1073.03218 1.10267705e-05
1073.81336 1.32589168e-05
1074.59454 1.64760642e-05
1075.37572 2.08518407e-05
1076.1569 2.66134541e-05
1076.93808 3.40467352e-05
1077.71926 4.35018627e-05
1078.50044 5.53995319e-05
1079.28162 7.02372704e-05
1080.0628 8.85955425e-05
1080.84398 0.000111143218
1081.62516 0.000138641918
1082.40634 0.00017194869
1083.18753 0.000212016423
1083.96871 0.000259891375
1084.74989 0.000316707174
1085.53107 0.000383674696
1086.31225 0.000462067241
1087.09343 0.000553200558
1087.87461 0.000658407392
1088.65579 0.00077900641
1089.43697 0.000916265597
1090.21815 0.00107136047
1090.99933 0.00124532779
1091.78051 0.00143901567
1092.56169 0.00165303148
1093.34287 0.00188768914
1094.12405 0.00214295756
1094.90523 0.00241841264
1095.68641 0.00271319479
1096.46759 0.00302597462
1097.24877 0.00335492891
1098.02995 0.00369772916
1098.81113 0.00405154447
1099.59231 0.00441306024
1100.37349 0.00477851371
1101.15467 0.00514374643
1101.93585 0.00550427345
1102.71703 0.00585536787
1103.49821 0.00619215907
1104.27939 0.00650974172
1105.06057 0.00680329254
1105.84175 0.00706819086
1106.62293 0.00730013893
1107.40411 0.00749527751
1108.18529 0.00765029256
1108.96647 0.00776250878
1109.74765 0.00782996642
1110.52883 0.0078514782
1111.31001 0.00782666407
1112.09119 0.00775596236
1112.87237 0.00764061693
1113.65355 0.00748264075
1114.43473 0.00728475747
1115.21591 0.00705032334
1115.99709 0.00678323255
1116.77827 0.00648780985
1117.55945 0.00616869438
1118.34063 0.00583071923
1119.12181 0.00547879107
1119.90299 0.00511777377
1120.68417 0.00475238004
1121.46535 0.00438707417
1122.24653 0.00402598846
1123.02771 0.00367285521
1123.80889 0.00333095546
1124.59007 0.00300308468
1125.37125 0.0026915352
1126.15243 0.00239809446
1126.93361 0.00212405736
1127.71479 0.00187025115
1128.49597 0.0016370704
1129.27715 0.00142451988
1130.05833 0.001232263
1130.83951 0.00105967341
1131.62069 0.000905887779
1132.40187 0.000769857772
1133.18305 0.000650399698
1133.96423 0.000546240501
1134.74541 0.000456059177
1135.52659 0.000378522966
1136.30777 0.000312317993
1137.08895 0.000256174272
1137.87013 0.000208885238
1138.65131 0.00016932213
1139.43249 0.000136443683
1140.21367 0.00010930169
1140.99485 8.70430405e-05
1141.77603 6.89088442e-05
1142.55721 5.42312497e-05
1143.33839 4.24285308e-05
1144.11957 3.29989491e-05
1144.90075 2.55138478e-05
1145.68193 1.96103591e-05
1146.46311 1.4984038e-05
1147.24429 1.13816682e-05
1148.02547 8.59442267e-06
1148.80665 6.45150787e-06
1149.58783 4.81437028e-06
1150.36901 3.57150681e-06
1151.15019 2.63388743e-06
