# fraction_pct mean ci_low ci_high
0.000000 0.000000 0.000000 0.000000
1.010101 0.000000 0.000000 0.000000
2.020202 0.000000 0.000000 0.000000
3.030303 0.000000 0.000000 0.000000
4.040404 0.000000 0.000000 0.000000
5.050505 0.000000 0.000000 0.000000
6.060606 0.000000 0.000000 0.000000
7.070707 0.000000 0.000000 0.000000
8.080808 0.000000 0.000000 0.000000
9.090909 0.000000 0.000000 0.000000
10.101010 0.000000 0.000000 0.000000
11.111111 1.110194 0.000000 2.408750
12.121212 5.099979 1.906572 8.293385
13.131313 8.050437 6.245141 9.855733
14.141414 9.464359 8.026804 10.901914
15.151515 10.972098 9.526859 12.417338
16.161616 12.923244 12.611713 13.234775
17.171717 14.926079 12.917801 16.934357
18.181818 15.846104 14.623068 17.069140
19.191919 17.534637 16.592245 18.477029
20.202020 19.243761 18.503840 19.983682
21.212121 20.460784 20.291571 20.629998
22.222222 22.002971 21.794647 22.211295
23.232323 23.543267 23.334714 23.751821
24.242424 25.094847 24.880169 25.309526
25.252525 26.683318 26.485621 26.881015
26.262626 28.239143 28.024587 28.453698
27.272727 29.831929 29.658379 30.005480
28.282828 31.522306 31.145621 31.898992
29.292929 32.944873 32.298424 33.591322
30.303030 34.954336 33.351176 36.557496
31.313131 41.142938 33.402205 48.883672
32.323232 46.984663 32.313076 61.656250
33.333333 48.026113 34.449264 61.602961
34.343434 48.814908 36.095404 61.534412
35.353535 49.583250 37.632799 61.533701
36.363636 50.121856 38.665175 61.578537
37.373737 50.499872 39.364179 61.635564
38.383838 50.907467 40.057735 61.757199
39.393939 51.681561 41.359951 62.003170
40.404040 52.298259 42.322032 62.274487
41.414141 52.835767 43.085469 62.586066
42.424242 53.220900 43.519685 62.922115
43.434343 53.618320 43.862086 63.374554
44.444444 54.418925 45.499120 63.338731
45.454545 55.214451 46.878999 63.549904
46.464646 58.314810 54.513765 62.115854
47.474747 55.523383 43.926986 67.119781
48.484848 40.669152 34.639443 46.698861
49.494949 32.543153 32.484705 32.601601
50.505051 32.618778 32.618198 32.619358
51.515152 32.618778 32.618198 32.619358
52.525253 34.067438 33.137697 34.997178
53.535354 35.467140 34.185929 36.748351
54.545455 36.283555 33.723819 38.843292
55.555556 37.880317 35.760383 40.000250
56.565657 37.908605 35.816397 40.000814
57.575758 37.908605 35.816397 40.000814
58.585859 38.315344 36.358235 40.272453
59.595960 38.722433 37.068113 40.376754
60.606061 39.129361 37.171807 41.086915
61.616162 39.943190 37.275454 42.610926
62.626263 39.943190 37.275454 42.610926
63.636364 39.943190 37.275454 42.610926
64.646465 40.757030 37.448314 44.065747
65.656566 40.787516 37.447049 44.127984
66.666667 38.080968 31.684073 44.477864
67.676768 38.473723 31.534937 45.412510
68.686869 37.120777 31.165500 43.076055
69.696970 32.886826 18.410289 47.363363
70.707071 23.795830 7.873878 39.717783
71.717172 26.979434 10.117174 43.841694
72.727273 16.972191 16.633266 17.311116
73.737374 17.862925 17.587913 18.137937
74.747475 18.659781 18.216874 19.102688
75.757576 13.668856 6.784060 20.553653
76.767677 7.823535 0.000000 16.830955
77.777778 7.264384 0.000000 15.918867
78.787879 7.264384 0.000000 15.918867
79.797980 7.264384 0.000000 15.918867
80.808081 7.264384 0.000000 15.918867
81.818182 7.665687 0.000000 16.189635
82.828283 9.451868 1.047231 17.856505
83.838384 10.230686 1.581593 18.879779
84.848485 11.672268 4.693351 18.651184
85.858586 13.853804 4.949116 22.758492
86.868687 14.199905 5.182184 23.217626
87.878788 13.472347 3.659296 23.285397
88.888889 12.659050 0.370663 24.947436
89.898990 13.216507 0.275906 26.157109
90.909091 13.207844 0.276327 26.139360
91.919192 10.333788 0.000372 20.667204
92.929293 9.437991 0.413209 18.462774
93.939394 9.945726 0.441654 19.449798
94.949495 6.275905 0.000000 13.435931
95.959596 0.961485 0.690643 1.232328
96.969697 0.639246 0.328986 0.949506
97.979798 0.473562 0.068511 0.878613
98.989899 0.286558 0.000000 0.594106
100.000000 0.091972 0.091820 0.092123
