# fraction_pct mean ci_low ci_high
0.000000 0.006534 0.002211 0.010857
1.010101 1.582972 1.560632 1.605313
2.020202 2.382430 2.359181 2.405679
3.030303 3.430318 3.372144 3.488493
4.040404 4.436408 4.347602 4.525213
5.050505 4.482616 4.396850 4.568383
6.060606 4.502280 4.416558 4.588001
7.070707 4.520814 4.435591 4.606037
8.080808 6.038910 5.896480 6.181340
9.090909 6.047826 5.905193 6.190460
10.101010 6.055834 5.913141 6.198526
11.111111 6.500855 6.275157 6.726552
12.121212 6.961569 6.644451 7.278688
13.131313 7.295389 7.064356 7.526423
14.141414 7.393201 7.240880 7.545523
15.151515 7.393834 7.239157 7.548510
16.161616 7.393597 7.239819 7.547375
17.171717 7.370097 7.220971 7.519224
18.181818 7.313359 7.118569 7.508149
19.191919 7.230394 6.993143 7.467644
20.202020 7.035127 6.823261 7.246992
21.212121 6.766481 6.566445 6.966516
22.222222 5.640453 5.446737 5.834169
23.232323 4.564990 4.458880 4.671099
24.242424 4.628152 4.498888 4.757416
25.252525 4.630369 4.505615 4.755123
26.262626 4.622377 4.499015 4.745740
27.272727 4.573556 4.466557 4.680556
28.282828 4.560513 4.450969 4.670056
29.292929 5.128272 4.321111 5.935432
30.303030 6.069470 5.745910 6.393030
31.313131 6.476431 6.011467 6.941396
32.323232 6.562182 5.904911 7.219453
33.333333 6.560531 5.911257 7.209805
34.343434 6.563443 5.910160 7.216726
35.353535 6.561606 5.910879 7.212333
36.363636 6.556603 5.912673 7.200533
37.373737 6.486727 5.934709 7.038745
38.383838 6.441118 5.941763 6.940473
39.393939 6.407498 5.942011 6.872986
40.404040 6.409455 5.948624 6.870287
41.414141 6.392680 5.950447 6.834913
42.424242 6.385291 5.952149 6.818433
43.434343 6.378947 5.953088 6.804805
44.444444 6.370089 5.951608 6.788571
45.454545 6.353318 5.952000 6.754636
46.464646 6.245197 5.922755 6.567639
47.474747 6.231336 5.918817 6.543856
48.484848 6.235566 5.917757 6.553376
49.494949 6.589235 5.752381 7.426090
50.505051 11.495961 9.837356 13.154565
51.515152 16.412827 16.141771 16.683884
52.525253 16.565041 16.402676 16.727407
53.535354 17.077066 16.455754 17.698378
54.545455 17.422269 16.500489 18.344048
55.555556 16.788339 16.141609 17.435069
56.565657 15.491551 13.945924 17.037179
57.575758 15.981252 14.369648 17.592855
58.585859 16.654433 16.298536 17.010330
59.595960 16.595245 16.327121 16.863369
60.606061 16.401205 15.408697 17.393713
61.616162 16.742607 16.383305 17.101908
62.626263 16.541550 16.024070 17.059031
63.636364 16.788712 16.373238 17.204186
64.646465 16.645355 16.364637 16.926073
65.656566 16.749370 16.383342 17.115397
66.666667 16.689965 16.370559 17.009370
67.676768 16.319272 15.484610 17.153933
68.686869 16.685547 16.241666 17.129427
69.696970 16.440619 15.701267 17.179971
70.707071 16.823469 16.317289 17.329650
71.717172 16.766272 16.137398 17.395147
72.727273 16.635554 16.340466 16.930643
73.737374 14.475411 13.831977 15.118846
74.747475 11.860629 11.657951 12.063307
75.757576 11.577712 10.348310 12.807114
76.767677 11.505028 10.422489 12.587566
77.777778 11.718280 10.841194 12.595366
78.787879 11.828283 11.104827 12.551740
79.797980 11.907181 11.286785 12.527576
80.808081 11.916221 11.307921 12.524521
81.818182 11.963240 11.413760 12.512720
82.828283 12.031801 11.559083 12.504518
83.838384 12.042717 11.580668 12.504766
84.848485 12.125153 11.669490 12.580815
85.858586 11.996592 11.486872 12.506311
86.868687 12.019506 11.504231 12.534782
87.878788 11.987810 11.387423 12.588197
88.888889 11.948039 11.297735 12.598343
89.898990 11.769120 10.894056 12.644185
90.909091 11.770816 10.897849 12.643783
91.919192 11.759010 10.868899 12.649122
92.929293 11.768129 10.881191 12.655066
93.939394 11.785293 10.907773 12.662812
94.949495 11.939324 11.134866 12.743782
95.959596 12.047350 11.413584 12.681115
96.969697 12.052078 11.422246 12.681911
97.979798 7.031430 0.000000 14.418516
98.989899 4.598214 0.000000 11.837833
100.000000 0.000000 0.000000 0.000000
