# time_s density
478.376775 6.51898493e-05
478.407724 8.77080602e-05
478.438674 0.000117355926
478.469623 0.00015616328
478.500573 0.000206663508
478.531522 0.000271995967
478.562472 0.00035602294
478.593422 0.000463461504
478.624371 0.000600030215
478.655321 0.000772609861
478.68627 0.000989416813
478.71722 0.00126018653
478.748169 0.00159636381
478.779119 0.00201129519
478.810068 0.00252041764
478.841018 0.00314143668
478.871968 0.00389448551
478.902917 0.00480225595
478.933867 0.00589009094
478.964816 0.00718602796
478.995766 0.00872078211
479.026715 0.0105276584
479.057665 0.0126423831
479.088614 0.0151028455
479.119564 0.0179487446
479.150514 0.021221135
479.181463 0.0249618738
479.212413 0.0292129704
479.243362 0.0340158472
479.274312 0.0394105231
479.305261 0.0454347366
479.336211 0.0521230287
479.36716 0.0595058091
479.39811 0.0676084346
479.429059 0.0764503263
479.460009 0.0860441569
479.490959 0.0963951357
479.521908 0.107500418
479.552858 0.119348663
479.583807 0.131919753
479.614757 0.145184696
479.645706 0.159105705
479.676656 0.173636454
479.707605 0.188722515
479.738555 0.204301932
479.769505 0.220305941
479.800454 0.236659782
479.831404 0.253283592
479.862353 0.270093339
479.893303 0.287001772
479.924252 0.30391935
479.955202 0.320755147
479.986151 0.337417698
480.017101 0.353815783
480.048051 0.369859148
480.079 0.385459168
480.10995 0.400529448
480.140899 0.414986394
480.171849 0.428749757
480.202798 0.441743165
480.233748 0.453894659
480.264697 0.465137251
480.295647 0.475409484
480.326596 0.484656019
480.357546 0.492828213
480.388496 0.499884691
480.419445 0.505791869
480.450395 0.510524412
480.481344 0.514065595
480.512294 0.516407529
480.543243 0.51755123
480.574193 0.517506508
480.605142 0.51629167
480.636092 0.513933016
480.667042 0.510464157
480.697991 0.505925164
480.728941 0.500361584
480.75989 0.493823355
480.79084 0.486363684
480.821789 0.47803793
480.852739 0.468902543
480.883688 0.459014122
480.914638 0.448428619
480.945588 0.437200741
480.976537 0.425383565
481.007487 0.413028367
481.038436 0.400184673
481.069386 0.386900512
481.100335 0.37322282
481.131285 0.359197978
481.162234 0.344872413
481.193184 0.330293218
481.224133 0.315508732
481.255083 0.300569024
481.286033 0.285526249
481.316982 0.270434816
481.347932 0.255351368
481.378881 0.240334554
481.409831 0.22544458
481.44078 0.210742587
481.47173 0.196289843
481.502679 0.182146826
481.533629 0.168372204
481.564579 0.155021796
481.595528 0.142147529
481.626478 0.129796471
481.657427 0.118009957
481.688377 0.106822865
481.719326 0.0962630592
481.750276 0.0863510222
481.781225 0.0770996912
481.812175 0.0685144922
481.843125 0.0605935654
481.874074 0.0533281657
481.905024 0.0467032151
481.935973 0.040697977
481.966923 0.0352868244
481.997872 0.0304400677
482.028822 0.0261248115
482.059771 0.0223058103
482.090721 0.0189462974
482.12167 0.016008762
482.15262 0.0134556597
482.18357 0.0112500389
482.214519 0.00935607817
482.245469 0.00773952778
482.276418 0.00636805579
482.307368 0.00521150254
482.338317 0.00424204892
482.369267 0.00343430693
482.400216 0.00276534211
482.431166 0.00221463825
482.462116 0.00176401528
482.493065 0.00139751071
482.524015 0.00110123465
482.554964 0.000863207434
482.585914 0.000673187952
482.616863 0.000522499442
482.647813 0.000403858603
482.678762 0.000311212524
482.709712 0.000239587024
482.740662 0.000184949037
482.771611 0.000144084889
482.802561 0.000114495698
482.83351 9.43106328e-05
482.86446 8.22184151e-05
482.895409 7.7417205e-05
482.926359 7.95828869e-05
482.957308 8.88556917e-05
482.988258 0.000105845074
483.019207 0.000131652748
483.050157 0.000167913771
483.081107 0.000216855476
483.112056 0.000281373928
483.143006 0.000365127334
483.173955 0.000472645445
483.204905 0.000609453515
483.235854 0.000782208669
483.266804 0.000998845748
483.297753 0.00126872867
483.328703 0.00160280221
483.359653 0.002013738
483.390602 0.00251606688
483.421552 0.00312628899
483.452501 0.00386295118
483.483451 0.0047466806
483.5144 0.00580016248
483.54535 0.0070480496
483.576299 0.00851679116
483.607249 0.0102343694
483.638199 0.0122299339
483.669148 0.0145333256
483.700098 0.0171744854
483.731047 0.0201827473
483.761997 0.0235860189
483.792946 0.0274098593
483.823896 0.0316764695
483.854845 0.0364036172
483.885795 0.0416035227
483.916744 0.0472817422
483.947694 0.0534360854
483.978644 0.0600556122
484.009593 0.0671197547
484.040543 0.0745976114
484.071492 0.0824474601
484.102442 0.0906165326
484.133391 0.0990410868
484.164341 0.107646807
484.19529 0.11634955
484.22624 0.12505644
484.25719 0.133667312
484.288139 0.142076472
484.319089 0.150174749
484.350038 0.157851772
484.380988 0.164998429
484.411937 0.171509411
484.442887 0.177285779
484.473836 0.182237455
484.504786 0.186285557
484.535736 0.189364483
484.566685 0.191423682
484.597635 0.192429035
484.628584 0.192363797
484.659534 0.191229053
484.690483 0.1890437
484.721433 0.185843914
484.752382 0.181682156
484.783332 0.176625744
484.814281 0.170755041
484.845231 0.16416133
484.876181 0.156944459
484.90713 0.149210338
484.93808 0.141068367
484.969029 0.132628898
484.999979 0.124000799
485.030928 0.115289194
485.061878 0.106593451
485.092827 0.0980054528
485.123777 0.0896082005
485.154727 0.0814747565
485.185676 0.0736675429
485.216626 0.0662379827
485.247575 0.0592264646
485.278525 0.0526626027
485.309474 0.0465657527
485.340424 0.040945741
485.371373 0.0358037603
485.402323 0.0311333853
485.433273 0.0269216609
485.464222 0.0231502216
485.495172 0.0197964015
485.526121 0.0168343035
485.557071 0.0142357992
485.58802 0.0119714388
485.61897 0.0100112578
485.649919 0.00832546962
485.680869 0.00688504263
485.711818 0.00566216246
485.742768 0.00463058453
485.773718 0.00376588546
485.804667 0.00304562336
485.835617 0.002449419
485.866566 0.00195896992
485.897516 0.00155801004
485.928465 0.00123222648
485.959415 0.000969144684
485.990364 0.000757991785
486.021314 0.000589546653
486.052264 0.000455984055
486.083213 0.000350718708
486.114163 0.000268253878
486.145112 0.000204037918
486.176062 0.000154331137
486.207011 0.000116084445
486.237961 8.68304994e-05
486.26891 6.45874841e-05
