# fraction_pct mean ci_low ci_high
0.000000 0.000000 0.000000 0.000000
1.010101 0.000000 0.000000 0.000000
2.020202 0.000000 0.000000 0.000000
3.030303 0.000000 0.000000 0.000000
4.040404 0.000000 0.000000 0.000000
5.050505 0.074137 0.032082 0.116192
6.060606 0.176730 0.161453 0.192006
7.070707 0.362405 0.342904 0.381906
8.080808 0.403926 0.403926 0.403926
9.090909 0.403926 0.403926 0.403926
10.101010 0.403926 0.403926 0.403926
11.111111 0.403926 0.403926 0.403926
12.121212 0.403926 0.403926 0.403926
13.131313 0.403926 0.403926 0.403926
14.141414 0.403926 0.403926 0.403926
15.151515 0.426868 0.426709 0.427026
16.161616 0.426263 0.424426 0.428101
17.171717 0.407910 0.395637 0.420183
18.181818 0.403137 0.403136 0.403137
19.191919 0.403137 0.403136 0.403137
20.202020 0.403137 0.403136 0.403137
21.212121 0.403137 0.403136 0.403137
22.222222 0.403137 0.403136 0.403137
23.232323 0.403137 0.403136 0.403137
24.242424 0.413503 0.397183 0.429823
25.252525 0.435414 0.399973 0.470855
26.262626 0.423658 0.383406 0.463910
27.272727 0.439870 0.392347 0.487392
28.282828 0.423666 0.382440 0.464892
29.292929 0.423842 0.382576 0.465108
30.303030 0.407339 0.392826 0.421853
31.313131 0.407339 0.392826 0.421853
32.323232 0.401855 0.401443 0.402266
33.333333 0.406754 0.393746 0.419762
34.343434 0.410193 0.388343 0.432042
35.353535 0.401346 0.400451 0.402241
36.363636 0.401346 0.400451 0.402241
37.373737 0.401346 0.400451 0.402241
38.383838 0.406407 0.393144 0.419669
39.393939 0.402314 0.399467 0.405161
40.404040 0.406060 0.392561 0.419560
41.414141 0.411118 0.394435 0.427800
42.424242 0.410337 0.397802 0.422873
43.434343 0.406950 0.388966 0.424934
44.444444 0.399335 0.397740 0.400929
45.454545 0.399335 0.397740 0.400929
46.464646 0.409542 0.392757 0.426328
47.474747 0.407085 0.390898 0.423271
48.484848 0.396855 0.396855 0.396856
49.494949 0.401872 0.388973 0.414772
50.505051 0.407633 0.394634 0.420631
51.515152 0.402832 0.388298 0.417365
52.525253 0.399477 0.385024 0.413931
53.535354 0.404050 0.388437 0.419662
54.545455 0.398806 0.386076 0.411537
55.555556 0.393466 0.392291 0.394640
56.565657 0.397938 0.384762 0.411114
57.575758 0.392429 0.391109 0.393749
58.585859 0.392171 0.390632 0.393710
59.595960 0.396435 0.383496 0.409374
60.606061 0.396820 0.382482 0.411158
61.616162 0.406059 0.391396 0.420723
62.626263 0.405544 0.381273 0.429814
63.636364 0.391012 0.389755 0.392269
64.646465 0.391012 0.389755 0.392269
65.656566 0.391012 0.389755 0.392269
66.666667 0.391012 0.389755 0.392269
67.676768 0.391012 0.389755 0.392269
68.686869 0.395930 0.382028 0.409832
69.696970 0.405871 0.393120 0.418622
70.707071 0.400737 0.388968 0.412506
71.717172 0.400737 0.388968 0.412506
72.727273 0.400737 0.388968 0.412506
73.737374 0.400737 0.388968 0.412506
74.747475 0.400737 0.388968 0.412506
75.757576 0.400737 0.388968 0.412506
76.767677 0.400817 0.389147 0.412488
77.777778 0.405631 0.393234 0.418028
78.787879 0.411883 0.386709 0.437057
79.797980 0.400608 0.388675 0.412541
80.808081 0.400608 0.388675 0.412541
81.818182 0.400608 0.388675 0.412541
82.828283 0.400608 0.388675 0.412541
83.838384 0.400608 0.388675 0.412541
84.848485 0.400608 0.388675 0.412541
85.858586 0.400608 0.388675 0.412541
86.868687 0.405439 0.393309 0.417570
87.878788 0.414525 0.383031 0.446018
88.888889 0.400464 0.388340 0.412588
89.898990 0.400464 0.388340 0.412588
90.909091 0.400464 0.388340 0.412588
91.919192 0.400464 0.388340 0.412588
92.929293 0.400464 0.388340 0.412588
93.939394 0.400464 0.388340 0.412588
94.949495 0.401487 0.390520 0.412455
95.959596 0.414574 0.414561 0.414587
96.969697 0.390144 0.390144 0.390144
97.979798 0.390144 0.390144 0.390144
98.989899 0.015601 0.015601 0.015601
100.000000 0.015601 0.015601 0.015601
