# fraction_pct mean ci_low ci_high
0.000000 0.002335 0.001256 0.003413
1.010101 0.498774 0.488439 0.509110
2.020202 0.697507 0.690655 0.704360
3.030303 0.772009 0.767286 0.776732
4.040404 0.919045 0.876129 0.961962
5.050505 1.304729 1.291557 1.317900
6.060606 1.323839 1.308405 1.339272
7.070707 1.357203 1.351258 1.363148
8.080808 1.369932 1.366026 1.373839
9.090909 1.395217 1.370622 1.419812
10.101010 1.477677 1.451537 1.503817
11.111111 1.558134 1.530348 1.585919
12.121212 1.698904 1.636213 1.761596
13.131313 2.105374 2.075574 2.135175
14.141414 2.298325 2.275851 2.320799
15.151515 2.295477 2.272711 2.318244
16.161616 2.295983 2.273447 2.318520
17.171717 2.300260 2.273930 2.326589
18.181818 2.304266 2.276153 2.332378
19.191919 2.307542 2.277331 2.337752
20.202020 2.323478 2.299229 2.347727
21.212121 2.338227 2.312979 2.363476
22.222222 2.366510 2.325556 2.407463
23.232323 2.413446 2.346457 2.480435
24.242424 2.420504 2.360718 2.480289
25.252525 2.441479 2.403703 2.479255
26.262626 2.441737 2.404016 2.479459
27.272727 2.443999 2.406423 2.481575
28.282828 2.444496 2.407547 2.481445
29.292929 2.449406 2.414843 2.483970
30.303030 2.453049 2.415982 2.490116
31.313131 2.458089 2.421292 2.494887
32.323232 2.463406 2.433727 2.493085
33.333333 2.472725 2.436854 2.508596
34.343434 2.472749 2.436860 2.508639
35.353535 2.477834 2.450865 2.504803
36.363636 2.478035 2.450920 2.505149
37.373737 2.480733 2.454044 2.507422
38.383838 2.497551 2.455842 2.539260
39.393939 2.498173 2.456950 2.539397
40.404040 2.508093 2.467182 2.549003
41.414141 2.512669 2.469302 2.556036
42.424242 2.513164 2.471218 2.555110
43.434343 2.513597 2.471713 2.555480
44.444444 2.522063 2.491039 2.553086
45.454545 2.527092 2.496713 2.557472
46.464646 2.531054 2.495585 2.566524
47.474747 2.539848 2.504646 2.575051
48.484848 2.542835 2.504681 2.580988
49.494949 2.560170 2.524482 2.595858
50.505051 2.571597 2.529543 2.613651
51.515152 2.573110 2.530592 2.615627
52.525253 2.580049 2.543485 2.616613
53.535354 2.583758 2.550918 2.616599
54.545455 2.584228 2.551576 2.616880
55.555556 2.585157 2.552122 2.618192
56.565657 2.589189 2.551040 2.627337
57.575758 2.590079 2.552037 2.628121
58.585859 2.591418 2.555287 2.627549
59.595960 2.591513 2.554747 2.628280
60.606061 2.592844 2.556070 2.629618
61.616162 2.591816 2.555366 2.628265
62.626263 2.591971 2.555610 2.628332
63.636364 2.592029 2.555621 2.628437
64.646465 2.592121 2.555577 2.628666
65.656566 2.592493 2.555699 2.629286
66.666667 2.592892 2.555827 2.629958
67.676768 2.593145 2.555875 2.630415
68.686869 2.593149 2.556065 2.630234
69.696970 2.594387 2.558297 2.630476
70.707071 2.594388 2.558298 2.630479
71.717172 2.594388 2.558298 2.630479
72.727273 2.594389 2.558298 2.630480
73.737374 2.596758 2.558444 2.635071
74.747475 2.597439 2.558334 2.636544
75.757576 2.597439 2.558334 2.636544
76.767677 2.597732 2.558267 2.637197
77.777778 2.597088 2.558399 2.635778
78.787879 2.597089 2.558398 2.635780
79.797980 2.597110 2.558395 2.635825
80.808081 2.597110 2.558395 2.635825
81.818182 2.597110 2.558395 2.635825
82.828283 2.597110 2.558395 2.635825
83.838384 2.597202 2.558379 2.636025
84.848485 2.597302 2.558361 2.636242
85.858586 2.598001 2.558197 2.637805
86.868687 2.596818 2.558437 2.635199
87.878788 2.596820 2.558437 2.635204
88.888889 2.596839 2.558435 2.635243
89.898990 2.596839 2.558435 2.635243
90.909091 2.596839 2.558435 2.635243
91.919192 2.596858 2.558432 2.635283
92.929293 2.596858 2.558432 2.635283
93.939394 2.596924 2.558423 2.635424
94.949495 2.597708 2.558273 2.637142
95.959596 2.596247 2.556129 2.636365
96.969697 2.598708 2.558418 2.638999
97.979798 2.600767 2.559687 2.641846
98.989899 0.029882 0.000000 0.106709
100.000000 0.000000 0.000000 0.000000
