# time_s density
11.9480305 0.00145453499
11.9491648 0.00185768462
11.950299 0.00236357786
11.9514332 0.00299583548
11.9525675 0.0037828239
11.9537017 0.00475843791
11.9548359 0.00596297252
11.9559701 0.0074440851
11.9571044 0.00925784641
11.9582386 0.0114698763
11.9593728 0.0141565563
11.9605071 0.0174063067
11.9616413 0.0213209116
11.9627755 0.0260168693
11.9639097 0.0316267403
11.965044 0.0383004577
11.9661782 0.0462065595
11.9673124 0.0555332952
11.9684466 0.0664895514
11.9695809 0.0793055381
11.9707151 0.0942331679
11.9718493 0.111546061
11.9729836 0.1315391
11.9741178 0.154527469
11.975252 0.180845092
11.9763862 0.21084242
11.9775205 0.244883493
11.9786547 0.283342233
11.9797889 0.326597928
11.9809232 0.375029899
11.9820574 0.429011328
11.9831916 0.488902304
11.9843258 0.555042109
11.9854601 0.627740846
11.9865943 0.707270505
11.9877285 0.793855626
11.9888627 0.887663714
11.989997 0.988795626
11.9911312 1.09727614
11.9922654 1.21304499
11.9933997 1.33594857
11.9945339 1.46573271
11.9956681 1.60203664
11.9968023 1.74438857
11.9979366 1.89220306
11.9990708 2.04478046
12.000205 2.2013086
12.0013392 2.36086688
12.0024735 2.52243296
12.0036077 2.68489191
12.0047419 2.84704804
12.0058762 3.00763915
12.0070104 3.16535305
12.0081446 3.31884623
12.0092788 3.46676431
12.0104131 3.60776382
12.0115473 3.74053513
12.0126815 3.8638257
12.0138158 3.97646359
12.01495 4.07738026
12.0160842 4.16563246
12.0172184 4.24042257
12.0183527 4.30111681
12.0194869 4.34726101
12.0206211 4.37859345
12.0217553 4.39505442
12.0228896 4.39679228
12.0240238 4.38416578
12.025158 4.3577426
12.0262923 4.3182941
12.0274265 4.26678626
12.0285607 4.2043672
12.0296949 4.13235126
12.0308292 4.05220025
12.0319634 3.96550198
12.0330976 3.87394682
12.0342319 3.77930243
12.0353661 3.68338749
12.0365003 3.58804477
12.0376345 3.49511403
12.0387688 3.40640549
12.039903 3.32367406
12.0410372 3.24859503
12.0421714 3.18274153
12.0433057 3.12756412
12.0444399 3.08437292
12.0455741 3.05432243
12.0467084 3.03839931
12.0478426 3.03741329
12.0489768 3.0519912
12.050111 3.08257425
12.0512453 3.1294184
12.0523795 3.19259785
12.0535137 3.27201135
12.054648 3.36739123
12.0557822 3.47831487
12.0569164 3.60421816
12.0580506 3.74441079
12.0591849 3.89809288
12.0603191 4.0643724
12.0614533 4.24228318
12.0625875 4.43080288
12.0637218 4.62887041
12.064856 4.83540253
12.0659902 5.04930903
12.0671245 5.26950619
12.0682587 5.49492809
12.0693929 5.72453559
12.0705271 5.95732268
12.0716614 6.19232017
12.0727956 6.42859655
12.0739298 6.66525627
12.075064 6.9014355
12.0761983 7.13629556
12.0773325 7.36901466
12.0784667 7.59877813
12.079601 7.82476773
12.0807352 8.04615075
12.0818694 8.26206935
12.0830036 8.47163088
12.0841379 8.67389968
12.0852721 8.86789106
12.0864063 9.05256789
12.0875406 9.22684031
12.0886748 9.38956877
12.089809 9.5395707
12.0909432 9.67563094
12.0920775 9.79651565
12.0932117 9.90098971
12.0943459 9.98783719
12.0954801 10.0558843
12.0966144 10.1040244
12.0977486 10.1312443
12.0988828 10.136651
12.1000171 10.119498
12.1011513 10.079211
12.1022855 10.0154111
12.1034197 9.92793553
12.104554 9.81685486
12.1056882 9.68248646
12.1068224 9.52540306
12.1079567 9.34643666
12.1090909 9.14667723
12.1102251 8.92746625
12.1113593 8.69038513
12.1124936 8.43723872
12.1136278 8.17003427
12.114762 7.8909563
12.1158962 7.60233793
12.1170305 7.30662934
12.1181647 7.00636402
12.1192989 6.70412356
12.1204332 6.40250174
12.1215674 6.10406855
12.1227016 5.81133496
12.1238358 5.52671896
12.1249701 5.25251356
12.1261043 4.99085709
12.1272385 4.74370643
12.1283727 4.5128133
12.129507 4.29970409
12.1306412 4.10566312
12.1317754 3.93171979
12.1329097 3.77863929
12.1340439 3.64691717
12.1351781 3.53677745
12.1363123 3.44817438
12.1374466 3.38079756
12.1385808 3.33408024
12.139715 3.30721084
12.1408493 3.29914718
12.1419835 3.30863347
12.1431177 3.33421966
12.1442519 3.37428309
12.1453862 3.42705192
12.1465204 3.49063044
12.1476546 3.56302561
12.1487888 3.64217475
12.1499231 3.72597397
12.1510573 3.81230701
12.1521915 3.89907402
12.1533258 3.98422004
12.15446 4.06576265
12.1555942 4.14181836
12.1567284 4.21062746
12.1578627 4.27057669
12.1589969 4.32021957
12.1601311 4.3582939
12.1612654 4.38373616
12.1623996 4.39569248
12.1635338 4.39352611
12.164668 4.37682111
12.1658023 4.34538236
12.1669365 4.29923181
12.1680707 4.2386011
12.1692049 4.16392079
12.1703392 4.07580651
12.1714734 3.97504217
12.1726076 3.86256097
12.1737419 3.73942427
12.1748761 3.60679919
12.1760103 3.46593517
12.1771445 3.31814016
12.1782788 3.16475691
12.179413 3.00713982
12.1805472 2.84663291
12.1816815 2.6845492
12.1828157 2.52215193
12.1839499 2.36063791
12.1850841 2.20112319
12.1862184 2.04463121
12.1873526 1.89208361
12.1884868 1.7442935
12.189621 1.60196138
12.1907553 1.46567345
12.1918895 1.33590215
12.1930237 1.21300881
12.194158 1.09724809
12.1952922 0.98877398
12.1964264 0.887647092
12.1975606 0.793842922
12.1986949 0.707260842
12.1998291 0.62773353
12.2009633 0.555036595
12.2020975 0.488898167
12.2032318 0.429008238
12.204366 0.375027601
12.2055002 0.326596228
12.2066345 0.283340979
12.2077687 0.244882573
12.2089029 0.210841748
12.2100371 0.180844603
12.2111714 0.154527115
12.2123056 0.131538845
12.2134398 0.111545877
12.2145741 0.0942330368
12.2157083 0.0793054447
12.2168425 0.0664894852
12.2179767 0.0555332484
12.219111 0.0462065266
12.2202452 0.0383004346
12.2213794 0.0316267242
12.2225136 0.0260168582
12.2236479 0.0213209039
12.2247821 0.0174063014
12.2259163 0.0141565527
12.2270506 0.0114698738
12.2281848 0.00925784471
12.229319 0.00744408395
12.2304532 0.00596297174
12.2315875 0.00475843738
12.2327217 0.00378282355
12.2338559 0.00299583525
12.2349902 0.00236357771
12.2361244 0.00185768452
12.2372586 0.00145453493
